 2.82721600e+01 -3.70643424e-01 5.50261421e-02 -6.08972911e-03
 3.32800130e+01 -4.04286060e-01 -2.06907438e-02 8.80365084e-02
 2.21380881e+01 -1.43670218e+00 -6.87268989e-02 1.46038888e-02
 3.17450716e+01 1.46013009e-01 -3.50575356e-02 -2.69981580e-02
 3.16781576e+01 1.28162716e+00 -2.09132240e-02 5.71665302e-02
 2.94938379e+01 -5.82656958e-01 2.33373252e-02 -3.54701583e-02
 2.99975618e+01 -1.16983531e+00 -7.01851204e-02 -1.07984275e-02
 3.00963843e+01 -3.77521411e-01 6.70622891e-02 2.87398585e-02
 2.48200908e+01 3.92205061e-01 -6.34186787e-02 -1.97056256e-02
 3.50405788e+01 -1.20894711e-01 -6.65463004e-02 -6.68882343e-02
 2.82899676e+01 -1.36358485e-02 5.34845428e-02 -1.05322844e-02
 3.38863710e+01 -9.84839394e-01 -2.58509972e-02 4.72710026e-02
 3.21538101e+01 -1.31064091e-01 -2.52559734e-02 -9.50831384e-03
 2.79969395e+01 -5.01279120e-01 -2.17514017e-02 9.81645912e-02
 2.94844306e+01 -1.17723334e+00 -7.54942465e-02 8.98265542e-02
 3.72957549e+01 -9.63384543e-01 -6.53111288e-02 -1.29740351e-02
 2.85353064e+01 -3.82861210e+00 -2.75148462e-02 4.77106110e-02
 3.43838293e+01 -1.77074588e+00 -4.97514396e-02 6.28094211e-02
 2.99162897e+01 -1.24548313e+00 -1.11274271e-01 -4.57041214e-02
 2.99859454e+01 -1.52978064e+00 -2.89441562e-02 -2.30124623e-02
 2.25994942e+01 6.47255420e-01 3.70530176e-02 -5.41947861e-02
 3.05679906e+01 3.44443912e-01 -9.14821623e-02 8.75150461e-02
 3.32440110e+01 -1.02315244e-01 5.26558558e-02 7.47693677e-03
 2.62315189e+01 4.77091152e-01 -6.49974190e-02 -9.21886693e-04
 3.08172357e+01 -1.62214564e-01 1.91161825e-02 -2.02238702e-02
 3.14742495e+01 -1.22914169e+00 -6.81205942e-02 6.05906913e-02
 3.06729556e+01 -1.22572762e+00 1.89895219e-02 4.34206992e-02
 3.23110614e+01 2.30129440e+00 3.18695306e-03 -1.74069634e-02
 3.12028868e+01 -8.77005906e-01 1.63762963e-03 1.17205306e-02
 3.05966088e+01 -8.26848782e-01 -1.00209168e-02 6.29785672e-02
 3.49699075e+01 -5.74337005e-01 3.63818390e-02 -5.98572288e-03
 3.32536781e+01 -1.01983751e-02 -5.66348219e-02 9.11031382e-02
 3.66086479e+01 -3.47776088e-01 -2.22622734e-02 4.85576057e-02
 3.03938032e+01 9.69323430e-02 2.19267607e-02 1.52731813e-02
 3.82131764e+01 -3.55638868e-01 -8.69900646e-02 6.81122916e-02
 2.98812660e+01 1.38803233e+00 5.20457560e-03 7.33771097e-02
 2.32617562e+01 -1.25493524e+00 -3.84550155e-02 -2.58580136e-02
 3.17035935e+01 5.31500329e-01 -3.49340219e-02 1.29914452e-03
 3.21340440e+01 -2.13006029e-01 1.50834154e-02 9.32733473e-02
 3.52779365e+01 1.25884505e+00 -4.71234889e-02 1.23332438e-01
 3.34561913e+01 7.93012550e-02 -2.74751251e-02 4.36460011e-02
 3.67624739e+01 1.75541421e+00 1.06436720e-01 9.02961295e-02
 2.80537072e+01 -1.50840542e+00 2.79043190e-02 7.44959018e-02
 2.94279784e+01 -9.84503057e-01 -1.10604502e-01 1.56165299e-02
 2.86153583e+01 1.55924424e+00 -5.22731308e-02 3.28410708e-02
 2.84257599e+01 7.39189500e-01 -5.64508390e-02 1.18552296e-01
 2.45670882e+01 -1.24026216e+00 -8.51974664e-02 2.36751819e-02
 3.40685519e+01 -8.33170551e-01 -5.96055071e-02 4.40535736e-02
 2.79707281e+01 1.04700142e+00 -2.45195885e-02 3.55229323e-02
 3.05655054e+01 -1.69365093e+00 -8.64416456e-02 -4.20107052e-02
 3.32415138e+01 7.70185441e-01 1.75587530e-02 5.65842720e-02
 3.51546011e+01 4.63268358e-01 -2.61502968e-02 6.22560103e-02
 2.44483729e+01 -1.10778969e+00 -2.76307564e-03 -4.12015135e-02
 3.26363635e+01 -2.14469555e-02 -5.13467724e-02 3.51935442e-02
 2.71216857e+01 -1.19766110e+00 -6.91875260e-03 2.57524700e-02
 3.55967456e+01 1.65613732e+00 -5.99363159e-03 5.42221635e-02
 3.30304406e+01 -1.44280879e+00 -3.09938006e-02 -4.80758505e-03
 3.18619203e+01 2.01913791e+00 1.04272338e-02 -8.87168108e-03
 3.37701978e+01 -9.25914084e-01 3.26037704e-02 1.25433295e-01
 2.75427606e+01 1.86037629e+00 -3.12935474e-02 4.33128253e-02
 2.81196386e+01 7.43662645e-01 -7.53580298e-02 3.56677917e-02
 2.90201793e+01 -5.82951852e-01 -4.28509539e-02 1.47328566e-01
 3.15412759e+01 -1.00689394e+00 2.10482180e-02 -9.52418414e-02
 3.40819515e+01 9.96887919e-01 -4.66942716e-02 9.55414301e-02
 3.35375146e+01 -1.73863193e+00 -4.64064882e-02 6.28429044e-02
 3.37425664e+01 5.85988709e-01 -1.44589069e-02 1.32972529e-02
 2.41943980e+01 7.70089996e-01 -7.98782693e-03 -1.71213220e-02
 3.06245552e+01 -2.51714468e+00 -9.17870387e-02 4.54851558e-02
 3.24910675e+01 1.89868235e+00 -2.04400745e-02 -2.53058760e-02
 2.28241543e+01 2.51795541e-01 -3.53833928e-02 -9.01035343e-04
 3.09831061e+01 -1.96608482e+00 -3.01250141e-02 5.54588803e-02
 3.69262533e+01 -8.45960089e-01 -5.60277910e-02 3.95239402e-02
 2.64243311e+01 -1.55560371e-01 4.90852137e-02 8.59378547e-02
 3.23107960e+01 1.35503351e+00 -7.73240079e-03 1.48313131e-02
 2.64511036e+01 2.04384193e-01 -4.01782577e-02 -1.35999578e-02
 3.31326085e+01 8.48682717e-01 -3.58270063e-02 4.92093668e-02
 3.67691364e+01 -7.48225666e-01 8.92334060e-02 -2.11888789e-02
 3.25511547e+01 9.10446887e-01 -1.15621018e-01 3.28973682e-02
 3.14572047e+01 -4.79234271e-01 -6.09843353e-02 1.47671806e-02
 3.57312867e+01 5.64332198e-01 -4.21563451e-02 1.71034421e-02
 3.45150197e+01 -2.64038563e-01 2.13339012e-02 9.14143510e-02
 2.98485885e+01 7.08219351e-01 -3.35235955e-02 5.34461937e-03
 3.10711076e+01 1.33499676e-01 -4.92386184e-02 -9.14012892e-03
 3.19187515e+01 2.65526548e-01 -1.79303679e-01 4.76816953e-02
 3.03306676e+01 1.39576702e+00 -6.99207438e-02 5.19878282e-02
 2.78662455e+01 3.21221894e-01 -3.92641550e-02 -8.71218165e-02
 2.91021831e+01 4.22068212e-01 -9.75190083e-02 -1.81348371e-02
 3.74768711e+01 1.98759872e+00 -1.01339303e-02 8.35424760e-03
 3.15898340e+01 -1.27879151e+00 -6.08129880e-02 -9.02041089e-02
 3.37088476e+01 -1.83457601e-01 -3.03937431e-03 4.54652246e-03
 3.15957845e+01 -2.48212573e-01 -1.56389409e-02 -3.22287870e-03
 2.64724655e+01 -9.62116733e-01 8.50972490e-04 6.54145677e-02
 2.23289516e+01 2.90535083e-01 -9.20557164e-02 6.24920281e-02
 3.13910020e+01 2.73114878e-01 -3.36036664e-02 1.00246733e-01
 2.96613022e+01 2.27335999e-01 2.08685259e-02 5.23488781e-02
 3.29140826e+01 -1.15293811e+00 -4.69277493e-03 -8.51704119e-03
 3.16845578e+01 -1.11155338e+00 -5.79133627e-02 4.52988033e-02
 2.85270194e+01 -8.45168386e-01 4.32834528e-02 3.48733415e-04
 3.02475958e+01 -1.86146896e+00 -1.24571768e-02 -1.79476522e-02
 3.37588462e+01 2.04626088e-01 -2.40574675e-03 -5.12447477e-02
 4.25599071e+01 -1.92955877e+00 -1.31646923e-02 -5.94324857e-03
 3.47288835e+01 7.12164085e-01 -1.00749779e-01 1.59206246e-02
 3.53733451e+01 1.43591898e-01 1.91173224e-03 -3.34810106e-03
 2.31372959e+01 1.57731540e+00 1.62577496e-02 4.01499100e-02
 3.09321623e+01 2.72693451e-01 -2.02471478e-02 6.61238571e-02
 2.85840247e+01 -3.61449236e+00 -1.35540308e-03 1.04714588e-01
 2.93716726e+01 -3.30732343e+00 -4.05758455e-02 1.32609690e-02
 2.87596056e+01 1.68650122e+00 3.43840756e-02 -6.18783799e-02
 3.33824124e+01 -6.10159984e-01 5.00164493e-03 9.70542231e-02
 3.14814008e+01 -3.69163714e-01 -9.18654239e-02 1.75648109e-02
 3.18289376e+01 2.02573887e+00 3.83982345e-02 9.87219412e-02
 3.37622131e+01 2.98223079e-01 -3.03936159e-02 1.41388836e-01
 3.41833218e+01 2.48392557e+00 -4.72287968e-03 1.09313039e-01
 2.76885823e+01 1.89963879e+00 -3.19090638e-02 1.47704764e-02
 2.58757831e+01 -9.09220795e-01 -3.48472590e-02 -2.08509860e-03
 3.29389179e+01 -5.40260834e-02 -1.13300701e-01 3.23878816e-02
 3.35004483e+01 2.17642171e-01 4.21579623e-02 8.61069082e-02
 2.81671550e+01 1.89944130e-01 2.45274481e-02 5.11709074e-02
 3.53489840e+01 -2.69137938e-01 -1.42069907e-01 1.29120302e-01
 2.72162030e+01 1.80986442e+00 -6.71050348e-02 4.03960006e-02
 2.74135179e+01 1.41136847e-01 1.26944797e-02 -7.01799679e-02
 3.20438597e+01 3.19753562e+00 -6.16087940e-02 8.86788847e-03
 3.50905836e+01 -2.75982441e+00 -6.87216931e-02 -4.72569208e-02
 2.73388326e+01 1.43567334e+00 1.72376938e-03 6.58336936e-02
 3.31385529e+01 -1.03350904e+00 -9.39203575e-02 5.73607890e-02
 3.39076423e+01 -4.35351151e-01 5.30469910e-02 5.05720694e-03
 2.79350437e+01 -1.80283672e-01 -5.64876536e-02 -1.26737014e-02
 2.94426895e+01 1.41699106e+00 -5.55372519e-03 4.88637069e-02
 2.80790589e+01 -1.30410907e+00 -5.75804866e-02 4.00297919e-02
 3.24468712e+01 7.34298535e-01 -1.65699918e-02 -5.30792271e-02
 3.32489732e+01 -1.22608918e+00 -1.03967347e-02 1.05994358e-01
 3.27523503e+01 5.83362140e-01 3.30155120e-02 -3.72709441e-02
 3.83796265e+01 7.22863711e-01 -3.67329001e-02 6.61671332e-03
 2.68685316e+01 -5.58598593e-02 -3.32262255e-02 1.15980467e-01
 3.51885629e+01 -8.55614978e-01 -2.83465727e-02 8.91736618e-02
 2.85871411e+01 2.90933033e-01 -1.25598524e-01 2.10355636e-02
 3.20923083e+01 -1.06171650e+00 -2.38600556e-02 4.54587137e-02
 2.57092467e+01 -2.96892412e+00 -4.07367068e-02 2.47477383e-02
 2.36671291e+01 -1.98577822e-01 -1.46300235e-01 6.47656223e-02
 3.40196586e+01 -1.35375529e+00 -3.54324275e-02 6.19715882e-02
 2.47099622e+01 6.60131792e-01 -5.05261342e-02 4.96053503e-02
 3.07800730e+01 1.84688001e+00 -2.93937874e-02 9.42924366e-03
 2.94238137e+01 -1.14366089e+00 -2.52293961e-02 1.48676699e-02
 3.34334260e+01 -1.53486469e+00 -9.14566069e-03 1.71380206e-02
 3.25266367e+01 -4.69059742e-01 -7.57385938e-02 -3.19412045e-02
 2.37857178e+01 7.32781743e-01 2.48641324e-03 -2.65918829e-02
 3.46108426e+01 -9.44975966e-01 -1.81589086e-02 8.72066698e-02
 2.86482137e+01 -1.09672889e+00 -1.99303518e-02 7.73941081e-02
 2.35597949e+01 7.63204701e-01 -1.74562319e-02 1.04816515e-01
 2.47045025e+01 -1.43564534e+00 7.64679649e-02 8.71117982e-02
 3.21896319e+01 -6.33623619e-01 4.12582369e-02 1.35068614e-01
 2.80163032e+01 -8.91629345e-01 1.77452161e-02 -4.12688894e-02
 2.71158646e+01 1.19271306e+00 -7.18900494e-03 -5.23495437e-02
 2.21069848e+01 4.02107820e-01 -7.01249169e-02 -4.64954884e-02
 2.61335947e+01 5.83420484e-02 1.05805908e-02 1.01305364e-02
 3.10472648e+01 1.21651908e-02 -2.76154569e-02 -3.60959098e-02
 3.17451540e+01 -8.55866766e-02 -5.09020185e-02 5.43497092e-02
 3.45332360e+01 -1.11151674e+00 -4.97775524e-02 1.08631306e-01
 2.54850048e+01 -2.04831890e-01 2.12680826e-02 2.49627074e-02
 2.42170982e+01 2.44150674e-01 -1.84157366e-02 4.82962926e-02
 3.45688894e+01 -2.82916616e-01 7.64098509e-02 -5.11770756e-03
 3.34416986e+01 -7.59402705e-01 -1.25045537e-01 5.03942971e-02
 3.46584045e+01 -7.46824358e-01 1.76126985e-04 2.72679173e-02
 3.41096414e+01 -4.75292323e-02 -1.17158709e-02 -4.85609030e-02
 3.07034069e+01 -1.09174789e+00 -1.13237333e-01 4.47665509e-02
 2.97569194e+01 -2.49380719e-01 -7.88305026e-03 6.11550102e-02
 2.59759918e+01 5.87778650e-01 -7.06664423e-02 4.91653737e-02
 2.86709156e+01 -4.23372433e-01 3.95682129e-02 7.22065192e-02
 3.14109928e+01 -1.16686016e+00 -4.16039508e-02 4.63870811e-03
 3.41775154e+01 5.31262935e-01 -3.75751194e-02 -3.20907851e-02
 3.13499885e+01 -6.60953560e-01 -1.88141538e-02 -1.32718443e-02
 2.75580428e+01 -8.73690374e-01 -4.59578073e-02 3.75363164e-02
 3.07897577e+01 -8.69791799e-01 -4.76962666e-02 -6.71005167e-03
 2.45622608e+01 2.14520644e+00 -5.73222225e-02 6.44432080e-02
 3.37036867e+01 -1.04067417e+00 -7.69086223e-02 5.07590041e-02
 2.58452442e+01 4.22493477e-01 5.24716400e-02 2.20990272e-02
 2.84633089e+01 1.35049647e-03 3.26728863e-02 -3.44854784e-02
 3.30250203e+01 5.04593625e-01 1.56388775e-02 1.26749061e-02
 2.49594950e+01 4.82773654e-01 -6.08601027e-02 1.10279986e-01
 3.49911819e+01 -7.59715426e-01 -5.74463374e-02 6.89441137e-02
 2.81313690e+01 -1.24106293e+00 -7.70727423e-02 8.47680491e-02
 3.31361970e+01 1.62870642e-01 -2.45574802e-02 2.16411085e-02
 3.19244132e+01 4.92896717e-01 -2.32725581e-02 1.66973794e-02
 3.08457833e+01 -9.39663986e-02 -6.72496131e-02 1.30087246e-02
 2.71670893e+01 6.52305259e-01 -1.33367254e-01 1.20669938e-01
 3.21982446e+01 1.08612325e-01 5.65644536e-03 -1.64685704e-02
 3.15956007e+01 -2.43290271e-01 -6.40121287e-02 -2.47831845e-02
 3.08402883e+01 7.48387731e-01 -8.51946843e-02 5.27855549e-02
 2.90403946e+01 5.33562333e-03 -5.35342358e-02 -4.19053861e-02
 2.62418344e+01 -1.01391879e+00 -3.97730559e-02 3.21122183e-02
 2.99592356e+01 -8.20367261e-01 -1.54055897e-02 -2.11157378e-02
 3.18502553e+01 1.00501776e+00 -3.44392812e-02 -1.03514866e-02
 3.31879886e+01 7.45857887e-01 -1.05479945e-01 4.27237576e-02
 2.86887291e+01 -6.03134965e-01 5.61178099e-03 9.00233648e-02
 3.08666602e+01 -1.38104998e-01 -8.56484249e-03 3.46740761e-02
 2.62229048e+01 1.48220657e+00 -2.24071146e-02 -4.19328512e-02
 3.70343670e+01 -1.32409329e+00 -4.41445606e-02 5.59249796e-02
 2.99476575e+01 -3.19234290e-01 -1.45932362e-03 1.02887583e-01
 2.69341172e+01 8.75878229e-01 -1.11449155e-01 6.74575133e-02
 2.19980338e+01 -1.10399925e+00 -2.72652203e-02 1.88730417e-02
 3.23249377e+01 -1.01555334e+00 -1.22034979e-01 5.16218584e-02
 2.68921974e+01 -1.59684744e-01 -6.54218800e-02 3.47484234e-02
 3.02470567e+01 1.35093750e+00 -3.33984138e-02 -2.91203414e-03
 2.35557773e+01 -1.19109758e+00 -7.14699153e-02 1.68022160e-02
 3.00999392e+01 4.24250524e-02 -3.26309850e-02 1.99302782e-02
 3.14896978e+01 -2.71593134e-01 9.79673292e-02 7.39809821e-02
 2.72052684e+01 -1.24992567e+00 -8.71106751e-02 4.59675331e-02
 3.21096623e+01 8.67204799e-01 2.69866176e-02 -2.12160421e-02
 3.07326695e+01 -2.13544777e+00 4.94029944e-02 5.84408759e-02
 2.37788923e+01 2.90253799e+00 -8.51799477e-03 7.52653202e-02
 3.73350033e+01 -3.08501587e-01 -4.19707271e-02 1.19024403e-01
 3.21462366e+01 7.64792046e-01 -3.24139966e-02 -2.05696078e-02
 2.65494097e+01 -1.89583089e+00 -1.10519126e-01 7.35368315e-02
 2.76377675e+01 -5.70513900e-01 -9.22481349e-02 6.67720682e-02
 3.20860689e+01 8.13589446e-02 -3.30588762e-02 -1.05253797e-01
 2.90602508e+01 -9.80799186e-01 -7.20202460e-02 2.97088120e-02
 3.07696743e+01 1.00160998e+00 -1.36266756e-01 4.90428486e-02
 3.63915473e+01 -1.06012724e+00 -9.27408979e-02 3.48108224e-02
 3.29891407e+01 1.14553232e+00 -4.43627123e-02 3.69639455e-02
 3.18846004e+01 1.45102281e+00 -1.76138593e-02 5.54997898e-02
 2.74993981e+01 -7.16032966e-02 -1.59000248e-01 5.62542419e-02
 2.78391123e+01 3.68829808e-01 -3.19535107e-02 8.99977837e-02
 3.44114403e+01 2.52547943e+00 8.10933588e-03 -8.89995567e-02
 3.12647174e+01 8.33414051e-01 4.53561506e-02 4.77421673e-02
 2.78508646e+01 4.01725177e-01 -2.80500217e-02 6.33786918e-02
 2.68540527e+01 -5.79160193e-01 -7.59786828e-02 -3.46699353e-02
 3.28446100e+01 -1.46467991e+00 7.73475496e-02 9.71165839e-02
 3.05090036e+01 -6.58152907e-02 2.88429087e-02 -6.92286353e-03
 3.21577348e+01 1.28713935e+00 -6.98220992e-02 -1.71286187e-03
 2.80042372e+01 -2.87708196e-01 2.93774362e-03 5.36112957e-02
 2.90592516e+01 -4.11205582e-01 5.99543686e-02 1.62453105e-02
 3.59394393e+01 5.33511046e-01 -7.79897656e-02 1.27856267e-01
 3.28399346e+01 -2.86585669e-01 -1.07853831e-02 2.72983947e-02
 3.07234518e+01 -9.89914216e-01 -4.71774152e-03 9.99346195e-02
 3.34100968e+01 -1.01240120e+00 -6.98839261e-02 8.46110595e-02
 2.75043062e+01 -1.30491920e-01 -1.17184156e-01 1.17153982e-01
 3.00121753e+01 1.25370996e+00 -7.53682135e-02 1.46465948e-02
 2.96397538e+01 7.81857276e-01 -7.37170138e-03 7.83292347e-02
 3.33167983e+01 3.28595223e+00 6.38223285e-02 6.03382727e-02
 3.04774564e+01 6.90648506e-01 4.60050657e-02 -5.62309097e-02
 3.02973937e+01 1.07694487e+00 4.96547646e-02 -1.30257429e-02
 2.65103838e+01 4.87163012e-01 -8.73811799e-02 7.39393209e-02
 3.52074631e+01 -3.91582553e-01 -3.86692382e-02 5.43660392e-02
 2.41320159e+01 9.14869033e-04 4.33432700e-02 6.58072383e-02
 3.07612966e+01 1.92332921e-01 -2.93039615e-02 1.29540784e-02
 3.16894932e+01 1.64627343e-01 6.34628911e-02 -6.54621722e-03
 2.31938416e+01 6.50097958e-01 -5.14562601e-02 2.79508300e-02
 3.07964197e+01 5.97609645e-01 3.98226694e-02 5.42718644e-02
 3.05128606e+01 1.00157429e-01 -1.68617845e-02 3.10957687e-02
 3.28285672e+01 -1.15311810e+00 -5.06914757e-03 1.37138082e-01
 2.86418577e+01 -6.88437136e-01 1.86481659e-02 1.05283963e-01
 3.54957001e+01 8.27710975e-02 -1.56132402e-02 -2.00338648e-02
 2.95673398e+01 1.33741984e+00 -8.18346315e-02 1.41622497e-01
 3.36034235e+01 6.65561114e-01 7.95847798e-02 -6.47489002e-02
 2.44232166e+01 -1.89877154e+00 -1.20112700e-01 4.67805589e-02
 3.66362649e+01 9.00384539e-01 -3.68368047e-02 4.38702473e-02
 3.70649365e+01 -4.70263292e-01 7.96819969e-02 1.05611425e-01
 2.78192032e+01 -1.99531354e+00 7.12255240e-03 9.61308413e-02
 3.00434211e+01 5.06492630e-01 -2.41052969e-02 -2.59151187e-02
 3.39302144e+01 -7.73012445e-03 -8.98168868e-02 4.54163947e-02
 2.77034212e+01 1.03903292e+00 -1.73440708e-02 1.17094735e-03
 2.96206687e+01 -1.12942239e-01 -9.10502004e-02 -1.92649636e-02
 2.44019250e+01 -1.59553298e+00 -7.98509977e-02 6.84959609e-02
 3.01591422e+01 1.91105404e-02 -1.09544580e-01 -2.29458730e-02
 3.03070119e+01 8.05345417e-01 -5.26597261e-02 -5.83027580e-02
 3.28125981e+01 1.40330935e-03 -5.41811058e-02 5.59977699e-02
 3.27873925e+01 -1.58046285e-01 7.03623758e-02 7.27830948e-02
 2.62427192e+01 1.64079323e-01 -8.92016545e-02 4.63336229e-02
 3.42721927e+01 -1.20775313e+00 -3.07809463e-02 1.89960758e-02
 3.34638702e+01 4.09489027e-01 1.00897113e-02 -9.00288727e-02
 3.17645364e+01 3.61331711e-01 6.24536008e-02 2.71242237e-02
 3.36861806e+01 -1.63261971e-01 -5.18575356e-02 3.76590985e-02
 3.49179147e+01 1.88231065e+00 -3.54238568e-02 4.70779420e-02
 3.20968931e+01 1.38726838e+00 -4.39039519e-02 2.60999770e-02
 3.49967122e+01 2.10569348e+00 2.12981376e-02 9.81726179e-02
 4.00488336e+01 2.68500466e+00 4.99977419e-02 2.48269261e-02
 2.69653068e+01 2.05639760e+00 -3.08390919e-02 -2.45242596e-02
 3.19913203e+01 1.40550252e+00 -3.90311182e-02 -4.14248148e-02
 2.83946159e+01 5.87023216e-01 -2.94573061e-02 4.50484948e-02
 2.99132606e+01 7.99434823e-01 -1.04309819e-02 -2.98058380e-02
 3.10840027e+01 -1.62620550e+00 -7.13504699e-02 8.24789273e-02
 3.21890402e+01 2.70956020e+00 2.07545523e-02 3.03548206e-02
 2.90671383e+01 -5.47479639e-01 1.25815199e-02 3.88945329e-02
 3.34477917e+01 1.61586707e+00 -7.89709946e-02 9.21457596e-02
 3.21123494e+01 6.69068976e-01 -7.73355969e-02 3.67386916e-02
 3.00338428e+01 -1.05451873e-01 -4.80432518e-02 8.92509633e-02
 2.96574097e+01 7.27934136e-01 2.79706487e-02 -1.44837876e-04
 4.15398613e+01 1.92736071e+00 -4.02315658e-02 3.66869260e-02
 3.08766946e+01 7.42402870e-01 -7.14376756e-02 4.70133143e-02
 3.29415360e+01 3.28323826e-01 -9.74369099e-03 7.56736341e-03
 2.76937752e+01 1.95184872e+00 -6.49362802e-02 6.95158256e-02
 2.92232381e+01 1.49704567e-01 -5.08857989e-02 6.49482392e-02
 3.46583933e+01 8.30359557e-01 -3.35031481e-02 -9.79113697e-03
 3.08555667e+01 1.25184247e+00 -5.91338445e-02 1.08413118e-01
 3.89915032e+01 -4.88741690e-01 -6.66468762e-02 6.02502686e-02
 2.99480259e+01 2.02848547e+00 -1.04713365e-01 -3.10185100e-02
 3.64429774e+01 -6.31206064e-01 5.24045936e-02 5.18473947e-02
 3.00630023e+01 1.63796413e+00 -3.53846518e-02 5.44926835e-03
 2.41998374e+01 -1.46369840e+00 -6.75822573e-02 5.64661478e-02
 3.86163673e+01 -3.03064026e-01 -1.59203002e-02 5.11515016e-02
 3.23093072e+01 1.15585732e+00 -2.60861808e-02 5.15293239e-02
 3.19978417e+01 -2.45769404e-01 -4.59419384e-02 1.03311130e-02
 2.82034892e+01 1.00141995e+00 -3.27162042e-02 1.21639927e-02
 3.65950241e+01 1.07400659e-01 -9.36737793e-02 1.69770938e-02
 3.53516313e+01 8.54138688e-01 -1.29013499e-02 1.22395937e-01
 3.07730325e+01 9.21084132e-01 -1.24218982e-01 -4.54844572e-02
 3.84999496e+01 1.27272852e+00 -1.14007186e-03 1.07696951e-01
 3.15221159e+01 2.92271721e+00 -2.85355373e-02 4.23659294e-03
 3.72606301e+01 2.15965474e-02 6.80936326e-04 1.01117014e-01
 3.49192512e+01 6.31846119e-01 -6.16842765e-02 5.38421010e-02
 2.88054495e+01 8.05003146e-01 -5.67063560e-03 2.13491095e-02
 2.27110966e+01 2.35052465e-01 -9.07587179e-02 2.71979188e-02
 3.43968736e+01 1.24616448e+00 -5.29270710e-03 -4.46023515e-02
 3.42741351e+01 2.23153696e+00 -1.65669351e-02 5.50030149e-02
 2.99155946e+01 -9.97394200e-02 -9.02112052e-02 -2.31973646e-02
 3.14275109e+01 1.67526370e+00 -1.09602085e-02 4.46678932e-02
 3.13786369e+01 -2.33643036e-01 -4.88595002e-02 8.59825479e-02
 3.67189400e+01 6.38130864e-01 6.74954277e-02 2.02264284e-02
 3.13768080e+01 3.05110263e+00 -4.62592975e-02 7.18582169e-02
 3.51736494e+01 1.74726479e-02 1.88729623e-02 -6.14478732e-02
 3.25636566e+01 1.26300773e+00 3.19669061e-02 -1.33631546e-02
 3.15643086e+01 3.91553772e-01 5.04032300e-02 1.87938999e-02
 2.88166841e+01 2.12851234e+00 -8.33774665e-02 -1.77547052e-03
 2.95261255e+01 -1.76163146e-01 -9.78662490e-02 5.96601841e-02
 3.67296894e+01 1.19979383e+00 8.79798412e-02 6.43127037e-02
 2.41197069e+01 4.55134465e-01 -7.50720346e-02 8.51326559e-02
 3.44040726e+01 7.82734395e-01 6.94460562e-02 8.09297293e-02
 3.52862807e+01 3.14454837e-01 -1.18163260e-01 -1.76702039e-02
 3.68684691e+01 -1.14389122e+00 -4.33000635e-03 -1.43582992e-02
 2.47950949e+01 2.00406221e+00 -3.85131883e-02 3.94910274e-02
 3.28050092e+01 6.35166194e-01 -7.59340945e-02 -7.30352548e-06
 2.64594607e+01 1.10228996e+00 -9.73976590e-02 1.17718841e-03
 2.89166939e+01 6.80580554e-01 -7.22897563e-02 1.14488703e-01
 3.62474507e+01 3.53124542e-02 -1.36143020e-02 2.31500918e-02
 3.22259500e+01 -9.16667343e-01 -3.09925156e-02 5.91583638e-02
 4.10486429e+01 6.19566922e-01 3.19722497e-02 4.63215392e-02
 3.61925638e+01 8.98017507e-01 8.27537493e-02 -3.98842064e-02
 2.79286219e+01 6.53853555e-03 -4.46682853e-02 2.62404345e-02
 2.91188187e+01 -1.04280834e+00 -9.53602177e-03 4.72387169e-02
 3.16962918e+01 4.88334109e-01 2.35756413e-02 5.46989968e-03
 3.24098587e+01 3.11005348e+00 2.06867164e-02 -1.87790236e-03
 3.37048827e+01 -1.62128979e-01 8.34778305e-02 -1.69248331e-02
 2.89537353e+01 2.25361696e+00 -1.10558047e-02 -6.57272835e-03
 3.37533155e+01 4.40957831e-01 5.20841365e-03 4.15689860e-02
 3.54707529e+01 3.48927070e-01 1.78778720e-02 3.21622622e-02
 2.95042445e+01 5.93346092e-01 4.72290301e-03 5.74506122e-02
 3.31849599e+01 2.59632506e+00 5.19248307e-02 -1.41847369e-02
 2.75666797e+01 -1.18598665e+00 -6.60948630e-02 4.68549988e-02
 2.70934362e+01 1.44344052e+00 -4.17581638e-02 5.51512381e-02
 3.51388777e+01 5.12717839e-01 -2.48003759e-02 5.40753530e-02
 4.10444225e+01 1.32626635e+00 -7.86191064e-02 3.15233081e-02
 2.80474759e+01 1.28161943e+00 -2.74756220e-02 -2.52115337e-02
 3.36865997e+01 -2.79209769e-02 -6.31094730e-02 5.10730299e-02
 3.20144272e+01 1.80590483e+00 3.44896749e-03 1.77953286e-02
 2.27811838e+01 2.21551111e-01 2.21799674e-02 -2.54116795e-02
 3.35144862e+01 9.63468700e-01 -2.51124778e-02 1.30461564e-01
 3.43651285e+01 1.75850054e+00 4.90445332e-03 2.36143909e-02
 3.70438745e+01 -1.12167928e-01 -3.49270692e-02 1.28568851e-01
 2.91207830e+01 6.01004414e-01 1.12060070e-02 -4.72475331e-02
 3.75358134e+01 1.92480395e-01 -4.73663713e-02 2.88361116e-02
 3.37775181e+01 -3.29678899e-01 -6.60646546e-03 7.57098623e-02
 3.95460412e+01 1.12184251e+00 -7.09473313e-02 1.03611483e-01
 3.18832593e+01 1.63768079e+00 1.09705666e-02 6.02381690e-02
 2.90789079e+01 3.04904450e-01 3.57614983e-02 -2.50297152e-02
 4.02311132e+01 1.07782922e+00 -5.32282026e-02 1.57880888e-02
 3.41235189e+01 -5.07563815e-01 9.12099508e-03 9.70776418e-02
 2.84039245e+01 4.68622833e-01 -5.57812013e-02 7.93052014e-02
 3.31540371e+01 -1.07709220e+00 -6.51258114e-02 4.07310665e-02
 2.74013962e+01 -8.69068197e-02 -5.04827314e-02 9.30138034e-02
 3.21047639e+01 5.35679069e-02 -5.02099254e-03 5.70224744e-02
 3.04456728e+01 2.08189927e-01 -6.62743366e-02 2.26025167e-02
 3.55924679e+01 1.98156342e+00 -7.73619865e-04 2.23926936e-02
 3.17494292e+01 1.63820748e+00 4.55120317e-02 1.21838208e-02
 3.16135932e+01 -6.24359269e-01 -3.64421114e-02 4.93557265e-02
 3.51826600e+01 1.19428344e+00 -9.60711240e-02 4.43264614e-02
 3.32487191e+01 1.71321946e+00 -9.96050078e-03 -4.38258547e-02
 4.24062023e+01 1.23159790e+00 -7.41306862e-02 3.83787183e-02
 3.56321724e+01 1.07108086e+00 2.72330533e-03 -1.13666076e-01
 3.39175832e+01 1.08880997e+00 -8.46137899e-02 3.77235324e-02
 3.53202758e+01 1.04064698e+00 -5.27922913e-02 7.45833886e-02
 2.77070296e+01 1.26103445e+00 5.21446757e-03 5.49507572e-02
 2.79374847e+01 8.39301990e-01 -1.38529497e-01 1.21460128e-01
 3.33190035e+01 -1.05001510e+00 -3.73958683e-02 1.16632250e-01
 4.27414210e+01 1.91479416e+00 5.34498806e-02 1.07984112e-01
 3.30149181e+01 8.13460608e-01 -4.33241497e-03 4.53864589e-02
 3.08308798e+01 1.82179823e+00 7.09136724e-02 -6.24350453e-02
 3.15028138e+01 -4.63914503e-01 4.83394211e-02 8.41482487e-02
 2.55990416e+01 1.26443533e+00 8.09967034e-02 6.47196048e-03
 3.27386442e+01 2.56005424e+00 -4.77835435e-02 3.73926692e-02
 3.68235924e+01 5.18762317e-01 1.37419881e-03 8.11436112e-03
 2.86722888e+01 -9.37810340e-02 -3.66132424e-02 -4.88653253e-02
 3.26507372e+01 2.16660097e+00 -3.49900842e-02 3.52441185e-02
 3.55235615e+01 1.85276832e+00 -3.62027721e-02 3.87675111e-03
 4.03055168e+01 1.02387152e+00 -1.08303943e-01 8.06815522e-02
 3.42399931e+01 7.23222618e-01 -6.36422631e-02 3.52253428e-02
 2.72760674e+01 -1.97416070e-03 -4.12372596e-02 -3.68105902e-02
 3.60379148e+01 2.41364152e-01 -7.65909316e-02 -6.48507074e-02
 3.36685004e+01 -9.72987253e-02 -4.52058060e-02 5.39291197e-02
 3.03450523e+01 2.79264043e-01 -9.38955665e-02 4.74524213e-02
 3.67668553e+01 5.36227476e-01 -6.61308806e-02 -1.24252452e-02
 4.09519257e+01 1.96094306e+00 -8.96007332e-04 3.87560816e-02
 3.99415960e+01 1.98952124e-01 -3.23294906e-02 3.58062772e-02
 4.02414268e+01 2.05713733e+00 -3.74694371e-02 7.41309703e-03
 3.63330720e+01 1.31165089e+00 -2.16696843e-03 1.19920688e-01
 3.78684340e+01 -5.57501749e-01 -1.18760558e-01 -8.45184961e-02
 4.44858243e+01 -2.74946406e-01 3.87512708e-02 -8.93730639e-02
 3.68604377e+01 1.09741227e+00 -1.56734426e-01 -4.58531074e-02
 3.68586453e+01 1.20426706e+00 5.06315216e-02 8.01092720e-02
 2.71383501e+01 2.31527403e-01 6.98687272e-03 2.98543251e-02
 3.41946440e+01 9.91176022e-01 -2.55570415e-02 -4.69812435e-02
 3.71298258e+01 1.83879522e+00 -5.68955215e-02 -2.37176411e-02
 3.30098958e+01 5.20384778e-01 -1.47208150e-01 1.95270674e-02
 3.80656695e+01 1.26554260e+00 -1.02249016e-01 1.19116633e-04
 3.81446441e+01 1.21410579e+00 -4.60677894e-02 -1.00770227e-01
 3.35342423e+01 5.02869513e-02 -4.93818802e-02 -3.65976438e-03
 3.14984666e+01 -3.20641507e-01 3.64465141e-02 1.36306411e-02
 3.30751705e+01 1.90162354e+00 -1.03116428e-02 8.19222645e-02
 3.36310720e+01 2.03316814e+00 -3.77468880e-02 -1.83402268e-02
 4.07776014e+01 9.41615257e-01 -1.08004705e-01 1.15456843e-01
 2.94466848e+01 1.42840375e+00 1.32414321e-02 -4.78868937e-02
 4.02267948e+01 1.15166736e+00 -1.29622924e-02 -1.09933436e-01
 3.47710306e+01 2.02392214e+00 -6.17360192e-02 1.16469463e-02
 3.26909093e+01 2.30575039e+00 -1.17643809e-01 9.33260076e-02
 3.46661259e+01 2.57849819e+00 -7.31504340e-02 1.33714980e-01
 3.53106168e+01 1.36841752e+00 -1.23242418e-01 1.41347216e-02
 3.99831259e+01 -4.28680991e-01 -6.23831012e-02 9.06758285e-02
 3.83774652e+01 1.50600112e+00 -2.10764118e-02 9.57467406e-02
 3.77332509e+01 2.21613101e+00 -2.04249205e-02 3.24364598e-02
 3.16579499e+01 -8.82371839e-01 2.88106358e-02 6.97607921e-02
 3.70684874e+01 1.39669429e+00 -7.13201753e-02 7.23663431e-02
 3.26744864e+01 2.42147295e+00 1.38770843e-02 -8.18292542e-02
 3.09524947e+01 1.49458532e+00 -4.34952754e-02 -9.38199097e-03
 3.74278490e+01 -1.55725715e+00 -9.16913516e-03 7.20019239e-02
 3.86277188e+01 1.53094180e+00 -9.62239133e-02 1.51861678e-02
 3.82694296e+01 -6.23948669e-01 2.57633643e-02 2.84940771e-02
 3.23200737e+01 2.51276058e+00 -4.06292485e-02 9.58419446e-02
 3.47989445e+01 4.15302162e-01 -9.72123313e-02 1.33868779e-02
 3.21365346e+01 1.63720466e+00 -1.13483440e-01 -8.47787904e-03
 4.10021160e+01 8.77238436e-01 1.29813366e-02 9.55012640e-03
 3.17869601e+01 1.96495067e+00 -1.35013953e-01 2.09321583e-02
 3.59726884e+01 1.00074553e+00 -1.31090378e-03 -5.26731147e-02
 3.34571970e+01 1.82780460e+00 2.06995336e-02 -2.59729323e-02
 4.00545088e+01 1.98073287e-01 1.32137175e-02 -7.98357694e-02
 3.10210326e+01 1.90580285e+00 -2.84929529e-02 7.01931654e-02
 4.43515229e+01 1.41295842e+00 -6.71525412e-02 2.59209292e-02
 3.15341792e+01 2.27574039e+00 -1.05501808e-01 7.63355150e-02
 4.48005969e+01 6.99376729e-01 -1.66361771e-03 4.02339189e-02
 3.80228307e+01 2.16262178e+00 7.34223673e-02 -1.04361978e-02
 3.45144053e+01 3.25997112e+00 8.58045095e-02 4.56547842e-02
 2.95537932e+01 1.19305094e+00 -6.27089937e-02 -2.42960229e-02
 3.60465666e+01 6.45169134e-01 1.07790971e-02 -7.99165268e-03
 3.90327078e+01 -6.94043505e-01 -1.13646793e-01 -1.22676143e-02
 3.10792463e+01 -1.74112114e-01 -4.98930368e-02 2.02273053e-02
 3.70995956e+01 3.94200050e-01 3.17514591e-02 9.21922378e-02
 4.00180171e+01 4.85649193e-01 -1.20281516e-02 -2.51221982e-03
 3.17810036e+01 1.26268374e+00 -7.34017324e-02 -3.95101802e-02
 3.25639053e+01 1.26680572e+00 -1.64894234e-02 -9.51885789e-03
 3.67626571e+01 2.78938036e+00 -8.62596488e-02 2.35705051e-01
 4.05773350e+01 7.19686285e-01 -1.02574042e-01 3.71573081e-02
 2.71750594e+01 2.89136049e+00 -1.92501247e-02 -7.27889287e-02
 3.47426444e+01 9.83719021e-01 2.56209807e-02 -6.67456286e-02
 3.68958073e+01 1.29414906e+00 -4.46199451e-02 -4.40021261e-02
 3.09994792e+01 2.98834778e+00 3.41996692e-03 -1.26266075e-01
 4.14233347e+01 -1.85869847e-01 -3.15986524e-02 -5.56485345e-02
 3.90445397e+01 1.72276361e+00 -5.81461918e-02 -2.69834989e-02
 4.15937576e+01 1.62470562e+00 6.33277663e-02 8.93424803e-02
 3.52138544e+01 1.76474690e+00 4.61158376e-03 3.96667430e-02
 3.49215175e+01 8.34730859e-01 -3.76847341e-02 4.99202692e-02
 3.97783784e+01 6.43439557e-01 -6.06595590e-02 4.29893211e-02
 3.74684000e+01 8.11373268e-01 -9.03963535e-02 1.25454866e-01
 4.05218090e+01 4.30426803e-01 -1.57214459e-02 -2.16735914e-02
 3.47039524e+01 2.33202341e+00 -7.43895887e-02 -5.63716207e-02
 4.23584149e+01 1.73637835e+00 -3.10662384e-02 6.23152527e-02
 3.61811309e+01 1.44163899e+00 -1.86239466e-02 5.93266411e-02
 3.58476356e+01 1.92920763e+00 3.24293562e-02 4.45537120e-02
 3.79117793e+01 2.02203493e+00 -2.15844879e-02 5.32906478e-02
 3.86751517e+01 1.60286563e+00 -7.16375173e-02 -2.69706944e-02
 3.37102298e+01 1.82552590e+00 4.18922074e-02 8.25547581e-02
 3.19256119e+01 3.65575819e+00 -6.89159678e-02 -6.57675521e-02
 3.64380935e+01 -1.05480457e+00 1.92227848e-02 -6.34694791e-02
 3.76352409e+01 9.34291269e-01 -4.17278440e-02 -1.64665518e-02
 4.08324274e+01 6.32000435e-01 -3.43728216e-03 8.44305002e-02
 3.81507878e+01 1.75830788e+00 2.37379538e-03 -5.93171078e-02
 4.09142648e+01 9.19840443e-01 -4.70786683e-02 -5.51409575e-02
 4.12568857e+01 9.68539248e-01 -2.78399776e-02 8.84299476e-02
 3.74323370e+01 1.47128256e+00 2.93438856e-02 2.98268050e-02
 3.70756605e+01 3.93416787e-01 -8.42281001e-02 3.73681762e-03
 3.60359505e+01 2.17954648e+00 -1.49748547e-02 6.87209298e-03
 4.46875862e+01 1.80599104e-01 -2.06806571e-02 -2.65997833e-02
 4.15771279e+01 2.46819309e+00 1.16437999e-02 -1.04224023e-02
 3.84334970e+01 5.52374755e-01 -3.03233930e-02 -4.24383087e-02
 3.79701713e+01 1.51857176e+00 -3.04562259e-02 2.98545860e-02
 3.38634489e+01 2.17407851e+00 -1.69318807e-01 -5.21806974e-02
 3.67768570e+01 -2.85879189e-01 -2.70549320e-02 -2.97361577e-03
 3.94702964e+01 2.19179609e+00 -4.11337011e-02 2.52289675e-02
 3.79477443e+01 -1.76279471e+00 -5.14670141e-02 4.83611059e-02
 4.40172276e+01 3.24187267e-01 -8.59919950e-02 -5.84471155e-02
 4.28518870e+01 2.82545490e+00 1.66539599e-02 -3.47478021e-03
 4.08573977e+01 1.90767449e+00 1.07970378e-02 -1.91830829e-02
 3.78281802e+01 8.51938275e-01 -1.62593098e-01 5.53005813e-02
 4.58616597e+01 2.20193016e+00 2.37227424e-02 -1.15931282e-01
 4.02333006e+01 1.38393213e+00 1.96556648e-02 4.83531165e-02
 4.11231780e+01 1.55030431e+00 -1.11328538e-01 -2.04676410e-02
 3.53802431e+01 2.30545639e+00 -4.76731851e-02 8.77195129e-03
 3.54295416e+01 -1.11264148e+00 -4.05576091e-02 -9.54243744e-02
 3.87535395e+01 1.29702075e+00 -1.01346453e-02 3.55454345e-02
 4.04086800e+01 1.61920020e+00 -1.36154988e-01 7.06038599e-02
 3.68506478e+01 1.83422584e+00 -6.05907897e-02 -5.17414109e-02
 3.49486961e+01 2.03798236e+00 -3.82264171e-03 2.24371473e-02
 3.84320460e+01 6.33341285e-01 -1.20917775e-01 -1.01335671e-01
 3.99653001e+01 1.67811536e+00 -1.28423533e-01 4.26442371e-02
 4.54169372e+01 1.93172652e+00 -1.14114205e-01 5.04960139e-02
 4.50940301e+01 2.87742163e-01 -4.28552963e-02 8.46171096e-02
 4.07144866e+01 2.78265319e+00 -6.28497635e-02 -5.59625426e-03
 4.13225369e+01 1.10671818e+00 -1.00930320e-01 -1.41236008e-01
 4.22550883e+01 3.42964583e-01 -5.15959645e-03 4.60540610e-02
 4.28925531e+01 2.25965784e+00 -2.85927575e-02 -9.60539236e-02
 3.65747212e+01 4.15447187e-01 -4.48820938e-02 3.19929262e-02
 3.93704303e+01 2.72332763e+00 -1.37858006e-01 5.83599959e-02
 4.35147994e+01 9.79280868e-02 -7.32344673e-02 1.19132015e-02
 3.90620439e+01 -4.91973253e-01 -5.14299969e-02 -7.09330065e-02
 4.02272942e+01 2.10984074e+00 -5.25556404e-02 -6.17362800e-02
 3.61724926e+01 1.66439866e+00 -3.10353313e-02 4.33954526e-02
 3.68310694e+01 2.46722018e+00 1.82186187e-02 -7.31901423e-02
 3.85588971e+01 2.47453945e+00 -5.02922561e-03 1.06107762e-02
 4.06562362e+01 1.16247721e+00 -4.81240754e-02 -4.73929765e-02
 3.39401592e+01 1.75597665e+00 -1.40943382e-01 2.34531131e-03
 4.04999858e+01 -5.48114872e-01 3.28893468e-02 1.32096134e-02
 4.28901701e+01 1.21774496e+00 -2.29145277e-02 6.65883633e-02
 3.63912279e+01 9.33334401e-01 3.32731072e-02 -3.27460469e-02
 4.09812511e+01 2.46006954e-01 -7.59060182e-02 -5.52874195e-02
 4.14079402e+01 2.59414954e+00 -1.15802595e-03 3.75028249e-02
 4.31363621e+01 1.67320066e+00 -6.06675506e-02 -2.18807114e-02
 4.12279957e+01 -3.27086243e-01 -9.13135627e-02 4.37521733e-03
 4.50073187e+01 2.12456320e-01 3.87531460e-04 5.24373121e-02
 3.89771201e+01 2.57366327e+00 -1.14514314e-01 2.66222297e-02
 3.55587299e+01 1.43630355e+00 -6.88383499e-02 1.03124590e-01
 4.28574072e+01 2.62348477e-02 -5.13968411e-03 2.48731959e-02
 5.04004548e+01 1.67023384e+00 -3.65765246e-02 4.07273480e-02
 4.11433100e+01 2.13222633e+00 -5.20670545e-02 8.83727659e-02
 4.05698818e+01 4.34871253e-01 -5.74289849e-02 9.87415838e-02
 4.52081350e+01 1.99495528e-02 -1.24401294e-02 4.24097329e-02
 4.06446963e+01 7.12100784e-02 -7.15061370e-02 5.48846722e-02
 3.65590451e+01 -5.63542152e-01 1.89946540e-03 2.90609932e-02
 3.47740250e+01 2.37194266e+00 -6.48674824e-02 1.77998727e-02
 3.95532959e+01 1.18066621e+00 -6.26853248e-03 2.94775268e-02
 4.51968199e+01 1.07420104e+00 2.90734090e-02 6.61758670e-02
 4.17331260e+01 -4.62089131e-01 4.08262372e-02 9.62909735e-02
 4.30368029e+01 -2.20488592e-02 -5.56867092e-02 2.08270723e-02
 3.16525740e+01 2.49880107e-01 -2.18664763e-02 -6.24229567e-02
 4.12773543e+01 -7.32246942e-02 -7.57897898e-02 -2.68290116e-02
 4.65461165e+01 1.17488044e+00 -1.71432889e-02 7.17366391e-02
 3.74106370e+01 3.79470297e-01 -2.51429728e-02 -3.69274434e-02
 4.30409333e+01 -9.48306359e-01 4.04202185e-02 1.03086887e-03
 4.35703262e+01 1.56802305e+00 6.51258180e-02 9.01748865e-02
 3.81802110e+01 -3.03494527e-01 1.94648700e-02 -2.63013773e-02
 4.09800701e+01 2.80727608e-01 -5.60736167e-02 2.03087461e-02
 3.52623860e+01 5.60627715e-01 -1.45667438e-02 -1.95832133e-02
 3.19504070e+01 -3.14204503e-01 1.17534131e-02 1.09833402e-02
 4.31600301e+01 -3.52104714e-01 -5.39173467e-02 -7.33815665e-02
 4.40641486e+01 9.15395888e-01 -5.00892252e-02 5.08582710e-02
 3.64613956e+01 2.87569483e-01 -4.28900672e-02 5.67331125e-02
 4.11924763e+01 -1.17283045e+00 -4.77412813e-02 2.00252267e-02
 4.47304603e+01 1.67853822e+00 -7.31166410e-03 7.07930413e-02
 3.89174544e+01 1.05982622e-01 -8.28998956e-02 -9.43438792e-03
 4.08589843e+01 -6.07591983e-01 -2.54235168e-02 6.99457106e-02
 4.11317112e+01 -8.73844802e-02 -5.08557852e-02 9.65415402e-03
 4.05873667e+01 4.22077368e-01 -2.00510479e-02 2.75590444e-02
 4.20543060e+01 1.23946517e+00 -6.04421226e-02 5.22214020e-02
 3.89069448e+01 9.89650593e-01 4.06806789e-03 8.40961083e-03
 4.07206398e+01 -1.23377091e+00 -3.49832053e-02 -5.42437953e-02
 3.84064934e+01 1.55961752e+00 -3.54625306e-02 1.94171413e-02
 3.86176668e+01 2.47805858e+00 -4.26135194e-02 -9.32149243e-02
 4.49334931e+01 2.00867253e+00 -8.33835996e-02 -6.35541067e-02
 4.19769254e+01 1.01246091e+00 7.45676575e-03 -6.62861563e-02
 4.63112675e+01 -4.34816461e-01 -3.05084883e-02 1.01317515e-01
 4.45553072e+01 -3.82835541e-01 -1.85270430e-02 6.32023466e-02
 4.15209976e+01 -2.52941422e-01 -7.10049366e-03 6.13727830e-02
 3.76670708e+01 -4.44526435e-01 -2.34150474e-02 1.80725515e-02
 3.21188296e+01 1.08849904e+00 1.00706647e-02 1.16685788e-01
 4.32532841e+01 -1.21365738e+00 -6.56202247e-02 9.24920454e-03
 4.09199600e+01 2.18253740e+00 -2.12541675e-02 7.19634399e-03
 4.77993688e+01 3.50289723e-01 2.59671845e-02 7.93137467e-03
 4.06255844e+01 1.41497441e+00 -6.62896806e-02 -2.51103100e-02
 4.03554336e+01 2.12401944e+00 -1.18176946e-01 -1.16268471e-01
 4.15545058e+01 1.48990625e+00 5.10362227e-02 -1.49013796e-02
 4.33057350e+01 6.22969189e-01 -9.45804121e-02 1.15928359e-01
 4.29386301e+01 8.57919501e-01 -7.75476522e-02 5.02358411e-02
 4.24010455e+01 2.51376961e-01 -3.45209592e-02 -5.70553437e-02
 4.82784064e+01 8.16276192e-01 8.59670531e-02 2.11059766e-02
 3.16189234e+01 1.29244694e+00 5.03980240e-02 -1.08987204e-01
 4.22407437e+01 1.03138005e+00 5.21772225e-02 4.06375653e-02
 3.97887719e+01 3.94324193e-01 -3.34492697e-02 -4.59990236e-02
 4.33343875e+01 1.70753877e+00 -1.42423192e-01 1.01887604e-01
 4.26490007e+01 1.17914099e+00 5.36938114e-02 -3.25682172e-03
 3.56789082e+01 -5.56599757e-01 -6.82408120e-02 -6.70991455e-03
 3.68076647e+01 1.28557564e-01 -6.82442211e-02 6.11514659e-02
 4.39679842e+01 1.08132009e-01 -3.46797811e-02 6.85302318e-03
 3.56230086e+01 5.53780033e-01 5.71205434e-02 9.55403039e-03
 4.16614831e+01 -5.52232351e-01 -1.55572357e-02 1.67512849e-02
 4.54566998e+01 1.76875250e+00 -4.40210557e-02 3.99668695e-02
 4.73091201e+01 -7.45827615e-01 -3.32262220e-02 5.32919429e-02
 4.49853700e+01 8.19577578e-01 2.62040865e-03 8.04959841e-02
 3.99855898e+01 -1.77284820e-01 -4.47697348e-02 3.50915529e-02
 4.02243584e+01 -3.66506065e-02 3.24903794e-02 -5.87183266e-03
 4.04670285e+01 2.60862434e-01 -1.31520658e-02 -3.91975515e-02
 4.71640851e+01 -5.52685927e-01 7.81820865e-03 -3.22719635e-02
 3.83740579e+01 2.48895154e+00 -7.78540880e-02 -1.12515452e-01
 4.18800612e+01 9.38699881e-01 -3.25333231e-02 1.14349055e-02
 4.64300621e+01 5.89421868e-01 -2.69799381e-02 1.14148203e-01
 4.32481891e+01 4.89635361e-01 -2.52732766e-02 -5.11968274e-02
 4.34049291e+01 -4.38488277e-01 1.80332163e-02 -3.59191400e-02
 4.36936697e+01 3.63872157e-01 6.44941308e-02 5.04721103e-02
 3.96828128e+01 2.51962505e+00 -6.65876051e-02 -3.45258953e-02
 3.84900116e+01 1.24680927e+00 -6.72659234e-02 -5.28084625e-02
 3.42256328e+01 3.30696517e-01 -1.66824962e-03 2.56126781e-03
 4.90945328e+01 1.31961326e+00 1.01485398e-02 3.73029513e-02
 4.51269060e+01 -4.88065744e-01 9.60975474e-02 -5.31279629e-02
 3.86288172e+01 -8.01825170e-01 1.93304780e-02 2.10821934e-02
 3.34173150e+01 -2.44384988e-01 -3.95183411e-03 -3.79920024e-02
 3.71706459e+01 -3.00432748e-01 -7.00522710e-02 1.38654833e-02
 4.46434335e+01 -1.60780818e-01 -8.33984283e-02 1.26467720e-01
 4.25227625e+01 2.32798645e-01 -2.50696437e-02 -2.12758301e-02
 4.42364513e+01 7.60405810e-01 1.83918772e-02 -1.01243875e-02
 4.23707354e+01 -1.15180793e+00 6.57248414e-02 3.48654312e-02
 3.59106128e+01 1.11414242e+00 -4.65423037e-02 2.48565246e-02
 3.92725445e+01 -5.49683324e-01 2.41098029e-02 4.07245874e-02
 3.99547792e+01 -5.34578469e-01 -1.00418788e-02 5.86440648e-02
 3.57359405e+01 -2.32843949e-01 -1.69699709e-02 9.03191372e-02
 3.67221398e+01 5.09448291e-01 2.43201771e-02 6.99857292e-02
 4.41620663e+01 -3.72862814e-01 -1.65073164e-02 9.63261765e-04
 3.49993459e+01 1.68479578e+00 -5.87604964e-02 7.35526267e-02
 4.43307353e+01 1.89847112e+00 -1.85981798e-03 8.75235570e-02
 4.56007171e+01 9.48634049e-02 -1.84562852e-02 2.54587480e-02
 3.80372403e+01 2.14474262e+00 2.21524422e-02 1.27687265e-02
 4.03675239e+01 8.53608888e-01 -1.65826702e-03 2.62689057e-02
 4.23819016e+01 1.34438351e+00 -2.12354825e-02 -2.38701095e-02
 4.48926854e+01 -4.00106922e-01 4.07467194e-02 7.27818866e-02
 3.79574637e+01 8.08152306e-01 -5.23359934e-02 5.98707567e-02
 4.45976954e+01 -3.96791914e-02 -3.92078043e-02 1.19395591e-02
 3.32466370e+01 -2.56932808e-01 -8.12538748e-03 5.61737592e-02
 3.79302438e+01 2.44563977e+00 -9.56885010e-03 8.76579142e-02
 4.15199266e+01 3.96991733e-01 5.75495139e-02 2.16854263e-03
 4.49265543e+01 1.80467911e+00 4.29100370e-02 8.16286962e-03
 4.02178042e+01 7.72434434e-02 -1.13336050e-01 -1.30765386e-02
 4.49336798e+01 6.45659023e-01 -2.85669440e-02 6.59033637e-02
 4.52057643e+01 -1.60197290e+00 -9.35466856e-02 4.79829342e-02
 4.01843535e+01 -5.15706462e-01 -2.14847369e-02 6.13647180e-02
 4.24346330e+01 2.58591241e-01 3.21027861e-03 4.47211898e-02
 4.15602628e+01 -1.37189907e-01 4.55821067e-02 6.68463796e-02
 3.82023456e+01 -6.65495858e-01 -2.81551841e-02 1.02759676e-02
 3.90575972e+01 2.31654745e+00 2.29985925e-02 1.07891136e-01
 4.20133287e+01 1.27602311e-01 2.48222684e-02 4.80387421e-02
 3.95524857e+01 1.23017215e+00 5.06275315e-03 3.23040532e-02
 4.38417658e+01 1.33306162e+00 -5.19352365e-03 9.89033629e-02
 3.29923563e+01 -1.56261376e+00 -4.52900783e-02 1.60832789e-02
 4.43663328e+01 -1.56189683e+00 1.18742442e-02 7.96478156e-02
 4.03639613e+01 9.05124137e-02 2.45158359e-02 -2.39201673e-02
 4.91004499e+01 5.95871009e-01 2.93960281e-02 3.57032299e-02
 4.25799907e+01 1.57331767e+00 7.23949641e-02 1.27015762e-01
 3.96955384e+01 -1.74991785e+00 4.63591748e-03 -1.16438370e-02
 3.79745633e+01 -3.46794340e-01 -2.20256872e-02 -4.62209381e-02
 4.17209356e+01 3.62954693e-01 -6.02475897e-02 -1.19309777e-03
 4.20753402e+01 6.16663371e-02 3.08815078e-02 9.66580932e-02
 4.94719500e+01 1.36501117e+00 -3.12137942e-03 1.06401034e-02
 4.43234159e+01 1.37945025e+00 1.20267291e-01 -8.69328207e-04
 3.90815470e+01 5.86233290e-01 4.78142134e-02 5.50830340e-02
 4.98174320e+01 6.62452893e-01 6.19748400e-02 3.68443300e-02
 3.68814938e+01 2.05560531e-01 7.11418336e-02 4.51169499e-02
 3.83419222e+01 -8.40622789e-01 4.21451804e-02 4.57804463e-02
 4.50325925e+01 -3.33537512e-02 8.59721250e-03 -7.78143394e-02
 4.40305596e+01 -3.54743887e-01 3.35092152e-02 -8.14080993e-02
 4.52827456e+01 -3.29489701e-01 1.32552368e-02 -6.16019317e-02
 4.55964143e+01 8.74674110e-01 -3.88380488e-02 4.17440978e-02
 4.03264816e+01 3.00848767e-01 -4.82239418e-02 3.27550702e-02
 3.81419719e+01 3.25857230e-01 -1.13802025e-02 4.88439302e-02
 3.83838600e+01 5.68006171e-01 9.30105503e-02 6.45480930e-02
 4.20535710e+01 7.66849726e-01 -6.30899357e-03 2.59856253e-02
 3.59894735e+01 9.35506167e-01 -6.30399070e-02 7.17981693e-02
 4.56214236e+01 1.12585937e+00 2.06161497e-02 9.24054969e-02
 3.32760110e+01 -8.58930024e-01 7.33362975e-03 1.37918464e-01
 4.51015406e+01 -5.81227035e-01 4.99535544e-02 6.59741249e-02
 4.93158963e+01 -7.28346722e-01 4.14185395e-02 1.89216843e-02
 3.88521382e+01 -2.75900715e-01 3.37334206e-02 -3.38700070e-02
 4.70336354e+01 -1.08299528e+00 -5.34745680e-02 9.12649538e-02
 4.73095293e+01 2.09237817e+00 -1.74822491e-02 7.98055687e-02
 5.33362387e+01 8.32089806e-01 -7.81451804e-02 6.99440996e-02
 4.39347830e+01 -2.76963586e-01 1.99500745e-02 1.29622226e-01
 4.38363178e+01 5.93563769e-01 7.48348815e-02 7.71604289e-02
 4.08086314e+01 -1.24061410e-02 1.17041785e-01 -2.17215405e-02
 4.18079269e+01 2.95039158e+00 5.21197567e-03 1.14670008e-01
 3.99207939e+01 4.37338744e-01 -2.67703089e-02 -1.64711321e-02
 4.50456403e+01 -1.03735407e-01 2.51221051e-02 4.47364926e-03
 4.33777954e+01 1.12571452e+00 5.77156628e-02 1.41495782e-01
 4.52250953e+01 -4.83367052e-01 4.19676620e-02 1.21597295e-01
 4.55617911e+01 -3.40725908e-01 5.28881214e-02 1.18776341e-01
 3.99814128e+01 1.10827422e+00 6.96629346e-02 4.92488096e-02
 5.05316609e+01 -5.69811863e-02 -2.92929391e-02 -1.55906661e-02
 4.30451601e+01 9.01159394e-01 -4.16038518e-02 2.18340873e-02
 4.81904451e+01 2.67607208e+00 -1.34745763e-01 2.02551174e-02
 4.06500926e+01 9.10951705e-01 8.11909644e-02 1.40121084e-01
 4.41017582e+01 9.39880337e-01 -6.10304039e-02 7.35121925e-02
 4.17944503e+01 5.59077970e-01 2.79098509e-02 9.41594544e-02
 4.92759472e+01 1.87030100e+00 9.27711552e-02 -1.34056491e-02
 5.14938217e+01 1.27108378e+00 -2.39066695e-02 8.79122199e-02
 4.15795784e+01 4.66363242e-01 6.88834711e-02 2.99870168e-02
 3.49202841e+01 2.11366223e+00 2.85206626e-02 5.11362258e-02
 4.75562165e+01 -4.66436164e-02 -4.54358184e-02 1.48055021e-01
 3.98634236e+01 1.26909082e+00 -6.45716757e-03 5.66480886e-02
 5.05911914e+01 1.70020698e-01 1.09117017e-01 1.22289024e-01
 4.25673901e+01 -1.18424653e+00 -2.49708525e-03 1.74967133e-03
 4.77433892e+01 4.35575187e-01 2.08259880e-02 -1.29304905e-02
 4.47940197e+01 -2.94869318e-01 6.89833144e-02 7.90300781e-02
 3.69673454e+01 6.36205987e-01 4.58973286e-02 1.59080395e-02
 5.05525887e+01 1.77658361e+00 -1.14701067e-01 7.96185047e-03
 3.87458292e+01 -2.23299561e-01 -6.26841879e-02 2.12434031e-02
 4.70902606e+01 2.72286947e+00 2.66841401e-02 1.18206364e-01
 4.31434818e+01 -5.56763420e-02 3.03476228e-02 7.69255737e-02
 4.05896557e+01 5.93085840e-01 2.35245095e-02 -5.27522731e-03
 4.45519224e+01 1.05904792e+00 5.79796598e-02 1.01373826e-01
 4.09011728e+01 9.76081137e-01 -8.32162380e-02 -3.69570608e-02
 4.19649216e+01 8.70833931e-01 6.78777017e-02 1.03729530e-01
 3.53462918e+01 2.46322671e+00 -3.04196354e-02 7.34984571e-02
 4.57402103e+01 1.38156078e+00 6.39049475e-03 2.25865429e-03
 5.34918033e+01 6.62344990e-01 -8.22868545e-02 5.62834366e-02
 4.02967665e+01 -6.39308394e-01 -3.90635534e-02 7.65859504e-02
 3.41574769e+01 1.11646724e+00 -1.49075527e-02 4.70599064e-02
 4.19823467e+01 2.82417115e+00 4.78356797e-02 1.34468939e-01
 4.55768295e+01 -3.37669994e-01 5.00990714e-02 -3.24275556e-02
 4.62272190e+01 8.06565992e-01 2.68770028e-02 1.51728270e-01
 3.90450108e+01 1.66108109e-01 -9.77437031e-02 2.50611516e-02
 3.83499646e+01 -6.75522028e-01 8.07008000e-02 -5.73729640e-03
 4.36365783e+01 4.63852892e-01 -8.81067469e-03 -1.92982202e-02
 4.23163461e+01 -4.00591069e-01 2.62260546e-02 6.79059189e-02
 5.03213872e+01 1.01079380e+00 3.85853156e-02 5.47882108e-02
 4.10651259e+01 4.20532220e-01 -3.88755256e-02 8.29045983e-02
 4.88566392e+01 3.67389052e-01 7.29010400e-02 -3.18388393e-02
 4.68455185e+01 5.08174004e-01 -9.05621052e-03 4.14052002e-02
 3.81916983e+01 6.51350847e-01 6.13421284e-02 7.98714527e-03
 4.79319116e+01 1.41697896e+00 -1.38762726e-02 2.98900317e-02
 4.32833688e+01 2.53824247e+00 6.27711420e-02 -1.36772169e-02
 4.42692293e+01 1.32531218e+00 4.43373108e-02 2.63144472e-02
 4.75934940e+01 5.12196836e-01 8.16514532e-02 7.37479778e-02
 4.54447273e+01 2.64437595e-01 1.13249402e-01 7.01280454e-02
 4.69383545e+01 2.01024809e+00 3.27782876e-03 -3.26755782e-02
 4.28891614e+01 4.93497833e-01 5.48244282e-02 6.88738093e-02
 3.95128161e+01 1.60595109e+00 -6.88070311e-02 -2.07010167e-02
 3.84915532e+01 3.78946913e-01 -9.34483415e-02 -3.46218550e-03
 4.44961281e+01 2.76127908e-01 -2.10454550e-02 5.88020137e-02
 4.31104411e+01 1.46250895e+00 -1.17321437e-01 1.37452956e-01
 4.21970934e+01 6.92654625e-01 -4.28375340e-02 6.25391895e-02
