 3.23378653e+01 7.92983497e-01 -3.77392089e-02 -1.80664769e-02
 3.71532210e+01 -3.75187196e-01 5.88881744e-02 2.99248943e-02
 2.24413122e+01 -4.94242424e-02 -7.15041912e-02 1.76634094e-02
 3.88309186e+01 -6.28872413e-01 -2.88316390e-03 2.07539946e-03
 3.29728200e+01 -1.74487729e+00 1.03139443e-01 1.56978343e-02
 2.22573151e+01 -1.86258034e+00 -1.02615443e-01 9.33832531e-03
 2.57378447e+01 1.09988936e+00 2.40473670e-02 3.97429075e-02
 2.86612318e+01 -3.32783809e-01 1.16210067e-02 -3.70321197e-02
 3.44351057e+01 1.19798913e+00 1.00167007e-02 3.68020314e-02
 3.18820813e+01 7.21905654e-01 -6.00564657e-02 2.61088324e-02
 3.40328522e+01 1.36263051e+00 -8.61354586e-02 -3.00347823e-03
 3.96355979e+01 -2.25251019e+00 -6.67421522e-02 4.31011700e-02
 3.64584129e+01 1.20320969e+00 -2.06847504e-02 1.18855285e-01
 3.37462242e+01 -1.03821899e+00 -5.04836679e-02 9.31803539e-02
 3.02879770e+01 1.47495600e+00 3.64591193e-02 9.17087718e-02
 2.85853424e+01 -5.61133427e-01 1.36121816e-02 8.71220035e-02
 3.55863974e+01 2.22894816e-01 -1.20261326e-01 8.57441340e-02
 3.52069344e+01 1.36060224e+00 -6.20586173e-02 5.40042666e-02
 2.75781645e+01 -1.10490913e+00 1.78618112e-02 2.18308517e-03
 2.51589215e+01 1.67194887e+00 1.33477307e-02 5.70937956e-02
 3.16085323e+01 -9.18454178e-01 -3.58890451e-02 3.34263914e-02
 3.50532046e+01 6.33200425e-01 -1.05835883e-01 -4.58519264e-02
 2.95956053e+01 -1.13757289e+00 -9.87356656e-02 -2.64144601e-02
 2.61887719e+01 -1.08567863e-01 7.55257287e-02 3.82479582e-02
 3.89488207e+01 4.74099664e-01 -5.20472161e-02 -3.61186572e-02
 3.30162228e+01 -5.99457741e-01 -1.17039008e-02 4.67263063e-02
 3.91901658e+01 -1.01332034e+00 -9.49596633e-02 5.38647580e-02
 3.48358086e+01 -2.54734918e-01 -3.91055751e-02 -3.94720239e-02
 3.05279916e+01 4.26977930e-01 -6.16465695e-02 -9.98705751e-03
 3.72622647e+01 1.63627694e+00 -7.34904110e-02 -6.31136003e-02
 3.43726976e+01 7.72190481e-01 1.73581949e-02 -5.84609236e-03
 3.62760444e+01 2.48205390e+00 2.00630442e-02 8.62482462e-03
 3.19384098e+01 5.36328196e-01 -8.11601693e-02 7.15349316e-02
 3.29097218e+01 3.19717190e-01 2.45277886e-02 -1.24187034e-01
 3.27604153e+01 4.02344059e-01 -1.11775859e-01 5.10519064e-02
 2.97819045e+01 1.70249754e+00 -1.19554425e-01 -7.72523079e-03
 3.01795599e+01 8.73383964e-02 -5.57720388e-02 3.37102345e-02
 3.76481168e+01 5.05982048e-01 -1.31721925e-02 9.63996511e-02
 3.03499879e+01 -1.18232818e+00 -2.45086282e-02 -2.47197604e-02
 3.43941508e+01 -2.90014891e-02 -2.25558943e-02 7.28760453e-02
 3.04796887e+01 1.08669005e+00 -1.09069898e-01 2.51766663e-02
 2.54997061e+01 3.50223089e-01 -8.33616263e-02 -9.92073989e-02
 3.01825751e+01 2.12893487e-01 1.31392353e-02 5.44151166e-02
 3.12833287e+01 8.70806797e-01 -1.81163992e-01 -4.78456989e-02
 3.30528473e+01 -8.29923858e-02 -1.17693180e-01 2.96997430e-02
 3.21021848e+01 3.01833440e-01 -3.98583413e-02 -2.55455886e-02
 2.52504535e+01 1.43509376e-01 -5.52699547e-02 -2.46700233e-02
 3.71869454e+01 2.27422912e+00 3.65980459e-02 -5.93180725e-02
 3.10304909e+01 2.40327110e+00 -1.09434269e-01 7.18723971e-02
 3.32823405e+01 -2.65100160e-01 -1.22838850e-01 -2.56756630e-02
 3.08866081e+01 1.17981144e+00 -8.45635498e-02 -1.17347115e-01
 4.15187601e+01 2.96950659e+00 -2.68900423e-02 -1.51022258e-02
 3.18990712e+01 1.34109400e-01 2.52508000e-02 9.49727156e-02
 3.02132473e+01 -5.91645238e-01 -5.33550188e-02 -3.73306833e-02
 2.38971007e+01 4.27262911e-01 6.47418414e-02 7.59481784e-03
 2.97575332e+01 -2.94317697e-01 -8.89415350e-02 -7.39838208e-02
 3.00907717e+01 2.76325885e-01 -1.16910807e-01 -6.27936018e-02
 3.43464126e+01 1.76922769e+00 -1.37455203e-01 -1.12284117e-01
 3.74746210e+01 2.83179953e+00 -1.06917119e-01 -4.20478179e-02
 3.91400724e+01 1.53918563e+00 -4.95922805e-02 -9.85585521e-03
 3.76356235e+01 3.69442428e-01 -1.75274534e-02 -1.27519925e-02
 3.10844958e+01 1.21220014e+00 -1.94231215e-01 -9.76741328e-02
 3.08254891e+01 2.44875672e+00 -1.10694069e-01 -6.86295147e-02
 3.38874482e+01 4.02394244e-01 -5.07557439e-02 -7.07340023e-02
 3.13534003e+01 -1.38891500e-01 -1.23129896e-02 -1.12770508e-01
 2.48949583e+01 4.56679324e-02 -7.77517399e-03 -1.33469845e-01
 3.46098686e+01 1.73167958e+00 -4.20028657e-03 -2.63891159e-02
 3.51909195e+01 -1.81716552e-01 -9.58873559e-02 -2.73657277e-02
 3.16372569e+01 -4.04965325e-01 -5.06150054e-02 -4.11010981e-02
 3.92406438e+01 -5.95651119e-01 -1.06012204e-01 -1.15008897e-01
 3.68436249e+01 2.36884447e-01 -1.03239931e-01 -1.59474138e-02
 2.54822861e+01 2.20598432e+00 -1.65879777e-01 3.49206141e-03
 3.98775715e+01 -1.80915555e-02 -1.13150921e-01 -7.76748636e-02
 3.82758895e+01 3.58055844e-01 -1.31789068e-01 2.19999376e-03
 3.76497169e+01 3.21879415e-01 -1.32757310e-01 1.83133868e-02
 2.80136772e+01 1.29790615e+00 -9.67613232e-02 -1.08432642e-01
 3.05830110e+01 -1.06347417e+00 -1.02657770e-01 -1.56935947e-01
 3.69619404e+01 -5.29748109e-03 -6.85232173e-02 -6.40965632e-02
 2.99830908e+01 1.78468202e+00 -1.06757962e-01 -2.89448123e-02
 2.70139480e+01 1.54588212e+00 -1.33209039e-01 -1.46388921e-01
 2.92988893e+01 1.33958757e+00 -1.11900926e-01 -3.40755804e-02
 2.83107947e+01 -1.48166438e+00 -1.77792447e-01 -3.33016923e-02
 3.39831631e+01 -7.87532996e-01 -6.00237562e-02 -5.60421232e-02
 3.94274326e+01 1.93514518e+00 -3.62947168e-02 -3.83312789e-02
 3.42820770e+01 1.27697672e+00 -9.06567796e-02 -1.21871864e-01
 3.12206464e+01 2.33177977e+00 -1.06262587e-01 -1.80414276e-02
 3.19151885e+01 5.25815931e-01 -7.88892133e-02 -1.43917602e-01
 3.60725353e+01 -6.12367532e-02 -1.10106422e-01 -1.19170664e-01
 3.30766292e+01 -2.90417719e-01 -1.74811913e-01 -1.56136882e-01
 4.13439563e+01 5.60826039e-01 -1.65337853e-01 -1.12426059e-01
 3.40820024e+01 1.75203678e+00 -1.54732256e-01 -7.43955351e-02
 3.23547238e+01 7.10121751e-01 -1.60232273e-01 -4.19300231e-02
 3.18492148e+01 8.39048914e-01 -1.43312942e-01 -1.01775492e-01
 3.89348180e+01 2.29636120e+00 -9.71897180e-02 -6.82503061e-03
 3.58373465e+01 -1.95470813e+00 -5.96187535e-02 -1.22669119e-01
 3.07287549e+01 8.45527929e-01 -7.50409940e-02 -1.93398373e-01
 3.31147168e+01 4.54377884e-01 -1.68491669e-01 -9.78743187e-02
 3.95428695e+01 -7.83366817e-01 -1.75295346e-01 -8.67546049e-02
 3.04019179e+01 6.39671794e-01 -1.74850538e-01 -2.31629152e-02
 3.27327092e+01 5.54908676e-02 -1.59085412e-01 -1.45039130e-01
 3.90721012e+01 3.27923711e-01 -1.38495166e-01 -1.12421318e-01
 3.01116041e+01 -1.31717964e+00 -1.78796128e-01 -1.50282580e-01
 3.21254294e+01 1.54651306e+00 -1.83626159e-01 3.43876403e-04
 3.05459564e+01 -1.99046648e+00 -1.62321727e-01 -1.41210054e-01
 3.03256495e+01 -1.08756929e+00 -1.69265227e-01 -1.16364223e-01
 1.85849758e+01 -1.82213627e-02 -1.85524745e-01 -1.07317944e-01
 4.18590248e+01 1.15625874e+00 -1.45476876e-01 -6.40990561e-02
 3.30360362e+01 -2.96121307e-01 -1.17800200e-01 -1.32513847e-01
 3.85899756e+01 7.85093022e-01 -1.28199156e-01 -1.08019342e-01
 3.84554858e+01 -7.28409150e-01 -1.70571771e-01 -1.65249004e-01
 3.49240492e+01 4.99386366e-01 -1.14455460e-01 -1.13968681e-01
 3.37339747e+01 -3.07954416e-02 -9.92803361e-02 -1.20764142e-01
 3.36592830e+01 5.88700307e-01 -1.84384895e-01 -1.10820092e-01
 2.86186199e+01 -7.48674701e-01 -1.75133592e-01 -6.83511132e-02
 4.17583532e+01 2.63621546e-01 -9.84658485e-02 -1.05706368e-01
 3.67899763e+01 1.83704165e+00 -1.34646455e-01 -1.33578036e-01
 3.96124121e+01 9.42057930e-01 -1.56400654e-01 -2.63163731e-02
 2.79817550e+01 1.68899065e+00 -1.33855232e-01 -1.68081593e-01
 3.14115861e+01 -1.30053684e-02 -1.97390707e-01 -5.31522659e-02
 3.13834925e+01 1.21635946e+00 -1.58138725e-01 -5.37294379e-02
 3.02142315e+01 -9.29602154e-01 -2.16960751e-01 -6.47226508e-02
 2.86183213e+01 8.28645189e-01 -8.98322150e-02 -1.34786300e-01
 3.72012847e+01 9.73395566e-01 -2.09013077e-01 -7.57343462e-02
 3.31449109e+01 3.23177898e-01 -1.21440791e-01 1.65125864e-02
 3.09812796e+01 9.98513950e-02 -1.35565715e-01 -1.45529920e-01
 3.44073700e+01 1.87392790e+00 -1.84108503e-01 -1.59921111e-01
 3.74517462e+01 1.02634209e+00 -1.41316671e-01 -1.25548376e-01
 3.41719144e+01 9.55449586e-02 -1.29888011e-01 -1.93611872e-01
 3.31591427e+01 1.95361254e+00 -1.61281455e-01 -1.30487270e-01
 3.08167275e+01 1.93668146e+00 -1.57885999e-01 -2.36704409e-01
 2.93634704e+01 -4.88132169e-01 -1.62598702e-01 -1.87266592e-01
 3.40873554e+01 2.40983490e-01 -1.45635709e-01 -9.90212597e-02
 3.66899849e+01 4.82536296e-01 -1.75033084e-01 -1.78587549e-01
 3.74939568e+01 6.33105359e-03 -1.59690693e-01 -1.69853485e-01
 3.96250063e+01 1.64944421e-01 -1.76307541e-01 -1.98077206e-01
 3.36788890e+01 -3.37303001e-01 -1.72351097e-01 -1.44110420e-01
 3.81856126e+01 -3.32819312e-01 -1.50845573e-01 -1.04931851e-01
 3.45669206e+01 2.47654809e+00 -1.49575979e-01 -7.31124790e-02
 3.34963845e+01 -9.64822870e-01 -1.83518341e-01 -2.97302685e-03
 3.07472582e+01 -6.48851203e-01 -2.05526286e-01 -8.22247815e-02
 2.39251611e+01 -4.67542468e-01 -1.42205637e-01 -1.83660053e-01
 3.36305138e+01 -4.41770979e-01 -2.29556690e-01 -1.61397429e-01
 3.48247734e+01 -1.66426388e-01 -1.95058983e-01 -2.15876456e-01
 2.48214505e+01 5.03664887e-01 -1.60047995e-01 -1.95208625e-01
 3.46138862e+01 1.37268540e+00 -1.60303628e-01 -1.68565482e-01
 3.09962715e+01 8.61226870e-01 -1.62054554e-01 -1.48534998e-01
 3.34634259e+01 2.17411494e+00 -1.43064526e-01 -9.21594354e-02
 3.81632276e+01 5.37252363e-01 -2.07314174e-01 -9.69766707e-02
 3.36938198e+01 1.94714056e+00 -2.29535929e-01 -1.82815834e-01
 3.52405546e+01 -1.47116959e+00 -2.56374399e-01 -4.57927508e-02
 3.18029075e+01 -6.56350280e-01 -2.24972584e-01 -1.32813719e-01
 3.47570034e+01 -1.92901789e-01 -1.60631923e-01 -1.11909452e-01
 2.87741416e+01 -6.07657032e-03 -1.74927769e-01 -1.48964020e-01
 3.86242960e+01 1.18172655e+00 -8.84910843e-02 -1.32326872e-01
 4.17159368e+01 3.75984904e-01 -1.14859998e-01 -1.10026793e-01
 3.22802942e+01 1.48905371e+00 -1.16089905e-01 -1.73047846e-02
 3.79895837e+01 1.90052598e+00 -2.26110291e-01 -1.67240291e-01
 3.09197513e+01 2.11660809e+00 -1.48736898e-01 -1.27490694e-01
 3.46281518e+01 4.23422978e-01 -1.70352194e-01 -2.44776823e-01
 3.85856403e+01 -5.91045332e-01 -1.07526389e-01 -1.04538486e-01
 3.37399941e+01 3.66950398e-01 -1.37257368e-01 -1.38377258e-01
 3.25310618e+01 -8.38219673e-01 -2.53402178e-01 -1.55059297e-01
 3.83260965e+01 -8.48159884e-01 -9.44013637e-02 -1.85697249e-01
 3.95377079e+01 1.79813184e+00 -2.13639976e-01 -1.29211417e-01
 2.65710159e+01 -8.84860268e-01 -2.21458905e-01 -1.19349875e-01
 3.51111585e+01 -4.98645417e-01 -2.73456815e-01 -1.11872199e-01
 3.17968687e+01 -7.42570029e-02 -1.97485595e-01 -2.05430599e-01
 3.37184432e+01 1.20957125e+00 -2.31564904e-01 -1.22609138e-01
 3.47730867e+01 1.11538289e+00 -2.73609093e-01 -1.20750835e-01
 3.23992904e+01 5.14612540e-01 -2.09430339e-01 -8.11465372e-02
 3.56057622e+01 6.72920518e-01 -9.66070095e-02 -2.08751259e-01
 3.89170258e+01 6.43611466e-01 -1.98356187e-01 -1.28364485e-01
 2.93973966e+01 -2.68642666e-01 -1.72372280e-01 -6.26175973e-02
 3.76392283e+01 1.25002957e+00 -2.30859770e-01 -1.87231920e-01
 3.42438638e+01 9.75313922e-01 -1.59029571e-01 -1.87100572e-01
 3.01737397e+01 1.83764901e+00 -2.63675273e-01 -1.18623510e-01
 3.12980054e+01 1.18183407e-02 -2.10543425e-01 -9.95229375e-02
 3.39716008e+01 6.35010981e-01 -1.74175195e-01 -8.90706809e-02
 3.70819769e+01 9.86848357e-01 -2.47546881e-01 -1.00233778e-01
 2.69692413e+01 1.53558647e-01 -1.55015328e-01 -2.63650989e-01
 3.17959771e+01 4.56337820e-01 -2.33304484e-01 -1.19112233e-01
 3.44797499e+01 1.20822103e+00 -1.69823484e-01 -1.65650180e-01
 3.69067102e+01 -6.67652877e-02 -1.02225952e-01 -7.86638119e-02
 3.34718101e+01 1.18798020e+00 -1.54344794e-01 -1.03379815e-01
 3.89611190e+01 -7.05917122e-01 -2.41440092e-01 -1.31666733e-01
 3.10459653e+01 -5.67245459e-01 -1.64650886e-01 -5.35006731e-02
 3.76947359e+01 -3.96972253e-01 -1.94609030e-01 -2.33122870e-01
 3.20194445e+01 2.07045488e-01 -7.94241589e-03 -5.85161697e-02
 2.98712737e+01 8.14990071e-01 -1.69868614e-01 -1.29219855e-01
 3.46209752e+01 -7.72605991e-01 -2.21042617e-01 -8.22774092e-02
 3.58870652e+01 7.00402682e-01 -1.87143458e-01 -7.23957221e-02
 3.75017939e+01 -1.50488168e-01 -1.36112961e-01 -1.15619702e-01
 3.19834735e+01 6.56245968e-01 -2.07772593e-01 -1.53118244e-01
 4.32339377e+01 9.38130210e-01 -2.55760579e-01 -9.33685486e-02
 2.55474528e+01 2.77257048e-01 -2.11271146e-01 -2.49536741e-01
 3.78072485e+01 4.05315389e-01 -1.81303921e-01 -1.66300027e-01
 2.92618209e+01 6.24170927e-01 -1.94968439e-01 -1.95339687e-01
 3.35242413e+01 -5.62675343e-01 -2.72524545e-01 -5.50075985e-02
 3.31019044e+01 2.94542886e-01 -2.15445808e-01 -1.29421427e-01
 3.93893649e+01 1.09041261e+00 -2.32307125e-01 -1.07023272e-01
 3.15585958e+01 3.48052218e-01 -2.34486707e-01 -7.84498306e-02
 3.57606361e+01 1.72246047e+00 -2.35622997e-01 -7.01105179e-02
 3.20756889e+01 -6.25693134e-01 -1.54609609e-01 -1.28585620e-01
 3.73843845e+01 6.93739322e-01 -2.28232194e-01 -9.30093581e-02
 3.33520123e+01 -3.82394608e-01 -1.71409532e-01 -1.49580224e-01
 3.78532209e+01 5.62433509e-01 -1.39638786e-01 -1.64692796e-01
 3.78198622e+01 3.79040583e-01 -1.81870546e-01 -1.50438900e-01
 3.74775708e+01 1.07896850e+00 -1.85405824e-01 -1.36790555e-01
 3.62746337e+01 1.52193068e+00 -1.71619685e-01 -9.31526564e-02
 3.97847775e+01 -5.50218375e-02 -1.14861398e-01 -1.49159815e-01
 3.74435054e+01 4.53749037e-01 -1.59199014e-01 -1.69149409e-01
 3.20405294e+01 2.35296611e+00 -2.20426944e-01 -2.09555005e-01
 3.70936557e+01 1.16108011e+00 -2.44576831e-01 -8.37734850e-02
 3.98614236e+01 -3.08131917e-01 -2.13260026e-01 -1.20086720e-01
 4.32553603e+01 -3.15744709e-01 -1.55564305e-01 -1.62045747e-01
 3.83057355e+01 8.75823294e-01 -1.32661541e-01 -1.19976720e-01
 3.30668838e+01 1.54037233e+00 -2.38653249e-01 -1.64406392e-01
 3.47699101e+01 1.13295524e+00 -1.52493422e-01 -1.48797407e-01
 3.82126673e+01 -1.32526285e+00 -1.11341375e-01 -1.95986296e-01
 3.85118374e+01 -2.37062694e-01 -1.51579101e-01 -1.40784207e-01
 3.58298916e+01 9.66930267e-01 -1.96957814e-01 -1.16736156e-01
 3.22044536e+01 -8.64923094e-01 -1.79775705e-01 -9.88787998e-02
 3.73085335e+01 1.17224956e+00 -2.16367787e-01 -8.14360011e-02
 2.66546487e+01 7.82485920e-01 -2.00193653e-01 -1.37590188e-01
 3.43088911e+01 9.78583520e-01 -1.43418562e-01 -1.52087003e-01
 2.91352790e+01 1.95526340e+00 -1.68401545e-01 -7.53461591e-02
 3.83540311e+01 -9.16252353e-01 -2.11948552e-01 -1.49628226e-01
 3.50763223e+01 8.26107170e-01 -2.25422678e-01 -1.41213904e-01
 4.04376939e+01 -1.43311386e+00 -2.45996834e-01 -9.49583210e-02
 3.47031975e+01 1.38638701e+00 -1.44025251e-01 -1.80847255e-01
 3.70634697e+01 -8.63887730e-01 -1.60053972e-01 -1.93044053e-01
 4.18657721e+01 -7.56378095e-01 -1.51722484e-01 -1.29576369e-01
 3.41842987e+01 1.51182940e+00 -1.04540807e-01 -1.14860616e-01
 3.61461471e+01 6.43236650e-01 -1.88776505e-01 -8.16935674e-02
 3.96009216e+01 9.95143213e-01 -1.84080358e-01 -1.26992239e-01
 3.81558603e+01 2.34494008e+00 -1.22774302e-01 -1.23697424e-01
 3.20697189e+01 2.52041073e-01 -2.39056980e-01 -1.31785228e-01
 3.68501333e+01 1.17165725e+00 -1.53547472e-01 -1.12666071e-01
 4.32729774e+01 -6.26328478e-01 -1.31052579e-01 -9.14422870e-02
 4.32083299e+01 4.63239787e-01 -1.70736178e-01 -2.26071399e-01
 3.14992831e+01 2.57641117e-01 -1.51554483e-01 -5.40800929e-02
 3.50820039e+01 5.13349516e-02 -2.26608357e-01 -6.87263916e-02
 3.48366727e+01 9.90614962e-01 -2.53015609e-01 -1.05155304e-01
 3.60100339e+01 -3.03759727e-01 -2.00259630e-01 -1.55677040e-01
 3.41040101e+01 1.23942198e+00 -1.85520411e-01 -1.89699364e-01
 3.91804727e+01 -5.33082433e-01 -1.10771600e-01 -6.95906886e-02
 4.03917733e+01 7.11469195e-02 -1.64187143e-01 -1.77101412e-01
 4.15222160e+01 7.45803391e-01 -2.39966128e-01 -1.66540386e-01
 3.79867281e+01 -4.62144970e-01 -2.05140857e-01 -1.65497812e-01
 3.90391976e+01 2.19505819e-01 -1.25675663e-01 -1.31625008e-01
 3.04839470e+01 6.34596884e-01 -1.61107007e-01 -8.46345850e-02
 3.00200792e+01 1.30686604e-01 -2.57187766e-01 -1.62365071e-01
 3.44289080e+01 8.10250849e-01 -2.17476946e-01 -1.41432551e-01
 3.70458421e+01 7.53210927e-01 -1.58362276e-01 -6.23422095e-02
 3.73088293e+01 -1.11635689e+00 -1.74186970e-01 -9.24741077e-02
 3.39606370e+01 -1.50181551e+00 -9.96344014e-02 -8.83505595e-02
 3.45812624e+01 4.00781409e-01 -1.28084628e-01 -6.16153436e-02
 3.49229008e+01 8.68947163e-01 -7.90397404e-02 -1.45991268e-01
 3.66182001e+01 5.97526025e-01 -1.59195109e-01 -1.10426515e-01
 4.01426574e+01 1.98898910e-02 -1.92831161e-01 -1.48968203e-01
 3.77372861e+01 4.20813008e-01 -9.21205170e-02 -1.84436948e-01
 3.59195365e+01 5.79482551e-01 -1.48529444e-01 -1.70356491e-01
 4.09806100e+01 1.72024377e+00 -1.69664877e-01 -1.20352029e-01
 3.63852283e+01 1.19092986e+00 -1.74259748e-01 -1.10814012e-01
 4.18625657e+01 1.49015866e+00 -2.02470166e-01 -8.06544277e-02
 4.12150216e+01 -6.18774237e-01 -1.48534518e-01 -1.78794651e-01
 3.58970907e+01 2.00161893e+00 -1.11724691e-01 -1.41706090e-01
 4.38603835e+01 1.22415043e+00 -2.90047091e-01 -1.37553909e-01
 3.36350809e+01 7.25823487e-01 -1.21894455e-01 -3.29929261e-02
 3.26456846e+01 3.69555826e-01 -2.49511095e-01 -2.27098075e-01
 4.52421582e+01 9.75160157e-01 -1.47689005e-01 -1.19286838e-01
 3.49720666e+01 1.44372681e+00 -1.83825511e-01 -1.15558778e-01
 3.53837473e+01 5.51963193e-01 -1.64520956e-01 -1.51985021e-01
 3.23942998e+01 2.15093746e+00 -1.52188362e-01 -1.20030557e-01
 4.84487718e+01 5.99750919e-01 -1.24134708e-01 -1.09778107e-01
 3.59072959e+01 1.62797274e+00 -1.09286000e-01 -9.90274353e-02
 3.68716383e+01 -2.84633867e+00 -1.49280354e-01 -1.34766892e-01
 3.82557690e+01 5.32871752e-01 -1.89043782e-01 -1.23602966e-01
 5.16672014e+01 1.56528717e-01 -7.55201990e-02 -1.90262966e-01
 4.18951465e+01 9.30834599e-01 -1.42366879e-01 -1.58698934e-01
 2.86312857e+01 -2.41252263e-01 -1.70403695e-01 -1.13278654e-01
 3.70739284e+01 6.32565709e-01 -1.68490654e-01 -1.60075420e-01
 3.17290333e+01 4.84701937e-01 -2.13658994e-01 -6.31981420e-02
 3.51702532e+01 1.00287623e+00 -2.20948310e-01 -2.21612692e-01
 3.80386601e+01 1.25202822e+00 -1.29083899e-01 -7.64243883e-02
 3.53504953e+01 1.19625123e+00 -2.03790654e-01 -9.51877399e-02
 3.74258425e+01 4.54683496e-01 -2.23439914e-01 -1.36819409e-01
 4.21165373e+01 2.17791950e+00 -1.97957064e-01 -1.23880479e-01
 3.26128612e+01 6.63609501e-01 -7.20419007e-02 -1.21083662e-01
 3.42901938e+01 1.62457686e+00 -2.37763712e-01 -1.68820420e-01
 3.46832562e+01 -3.88308662e-01 -2.15919593e-01 -1.05291039e-01
 3.74373854e+01 6.91142113e-01 -1.37329246e-01 -2.87168063e-02
 3.78516465e+01 -4.04006182e-01 -2.29389650e-01 -1.43365677e-01
 4.03822986e+01 1.90355417e-01 -1.97190967e-01 -1.22592454e-01
 3.94294371e+01 -1.05987520e+00 -1.78331225e-01 -7.58876175e-02
 3.86999034e+01 2.76342907e-01 -2.20410052e-01 -1.95049587e-01
 3.56662092e+01 -4.91828721e-01 -3.37100130e-02 -1.07397362e-01
 3.78494733e+01 1.22637946e+00 -2.30639287e-01 -8.59822548e-02
 3.59777356e+01 -9.78206782e-02 -1.89475018e-01 -1.22043732e-01
 3.88557490e+01 9.26711651e-01 -1.75330171e-01 -7.20054305e-02
 3.47028429e+01 1.11032828e+00 -2.18796960e-01 -1.06708628e-01
 3.99260478e+01 6.49717998e-01 -1.03368884e-01 -1.91251549e-01
 4.69781302e+01 -5.22923641e-02 -1.95535539e-01 -1.32777975e-01
 4.38970371e+01 1.91768198e+00 -1.66908408e-01 -8.89420321e-02
 4.32146694e+01 4.34247402e-01 -2.82480285e-01 -9.19855800e-02
 3.29718913e+01 8.65747819e-01 -1.16135127e-01 -1.35498056e-01
 4.20403950e+01 3.87569653e-01 -2.02112289e-01 -1.30040572e-01
 3.57336003e+01 -2.73598264e-01 -2.45428328e-01 -1.76629408e-01
 4.17676166e+01 8.25432926e-01 -1.64282404e-01 -2.08662094e-01
 3.20788436e+01 1.11559312e+00 -1.79121782e-01 -1.43585434e-01
 4.29315504e+01 1.13151879e+00 -2.11738791e-01 -1.30651089e-01
 4.03728593e+01 1.13473648e-01 -2.19454300e-01 -8.50722706e-02
 4.19020490e+01 1.15019751e+00 -1.27329459e-01 -5.20790406e-02
 4.00459026e+01 1.66081092e+00 -1.87284657e-01 -1.22800749e-01
 3.86652098e+01 3.92887056e-01 -1.08170285e-01 -9.87144813e-02
 3.73087902e+01 1.40819145e+00 -1.24574623e-01 -9.40469430e-02
 3.40875085e+01 -5.21137403e-01 -1.41872834e-01 -1.42964190e-01
 4.19738620e+01 5.68562662e-01 -2.26204601e-01 -1.74768873e-01
 4.07459357e+01 -2.08179027e+00 -1.02771196e-01 -9.68201680e-02
 3.56251218e+01 -1.07819064e+00 -2.44215636e-01 -1.14055122e-01
 4.44285835e+01 -4.64823790e-01 -1.58017261e-01 -1.88744121e-01
 4.60834352e+01 -5.95645734e-01 -2.06366592e-01 -1.26105835e-01
 4.01114499e+01 5.92019881e-01 -1.31359296e-01 -1.37213173e-01
 3.53329036e+01 8.49457206e-01 -2.12922366e-01 -9.51741373e-02
 4.27824445e+01 -1.55733570e+00 -1.08869611e-01 -5.43126349e-02
 4.05657556e+01 2.47956280e-01 -1.84374356e-01 -1.06185980e-01
 3.89639338e+01 -2.47037028e-01 -1.83007235e-01 -1.18198854e-01
 3.78707199e+01 1.07864787e+00 -1.42955366e-01 -1.01148991e-01
 3.85105292e+01 -3.21271700e-01 -1.47675462e-01 -9.24656419e-02
 3.59273541e+01 2.89021263e+00 -1.62619999e-01 -1.80272199e-01
 3.64821608e+01 7.52943030e-02 -1.43688203e-01 -7.77634899e-02
 4.24856286e+01 -4.69347919e-01 -1.60922457e-01 -1.28515502e-01
 3.89454863e+01 5.45028939e-01 -7.27356247e-02 -1.53761567e-01
 4.03940460e+01 5.35449385e-01 -1.91646000e-01 -7.61480772e-02
 2.95050258e+01 -3.08268689e-02 -7.19225870e-02 -2.37706701e-01
 3.59800958e+01 5.82986654e-01 -2.92459789e-01 -2.11360619e-02
 3.86895066e+01 2.90999474e-01 -1.34300187e-01 -8.89533475e-02
 5.05364964e+01 2.66819089e+00 -2.63991651e-01 -1.75124251e-01
 4.01497305e+01 -1.77693227e-01 -1.84152406e-01 -1.34016004e-01
 3.91893835e+01 2.08263468e+00 -1.60747561e-01 -1.48770538e-01
 3.45743891e+01 1.61384754e+00 -1.97357965e-01 -1.78030187e-01
 4.02857094e+01 5.33284050e-01 -1.50649173e-01 -9.36864735e-02
 4.63055378e+01 7.43540707e-01 -1.22141375e-01 -1.38084843e-01
 4.39190456e+01 -1.35992815e+00 -1.50442132e-01 -2.19794675e-01
 3.42668225e+01 1.75466511e+00 -2.06110210e-01 -1.67473825e-01
 3.87701857e+01 -7.09087270e-01 -1.11512777e-01 -1.10319049e-01
 3.92208853e+01 -1.29617063e-01 -2.06284329e-01 -1.02471264e-01
 4.28893161e+01 1.27944863e+00 -1.87477846e-01 -1.01681088e-01
 4.36876541e+01 1.27671442e+00 -1.10160388e-01 -4.90664261e-02
 4.26980940e+01 1.38593300e+00 -1.76744332e-01 -1.11397506e-01
 4.28658745e+01 1.02519830e-01 -1.57427521e-01 -3.47973955e-02
 3.54545405e+01 9.89248996e-01 -9.66957330e-02 -1.05662058e-01
 4.26112183e+01 -2.65660158e-02 -1.81271625e-01 -1.35062833e-01
 4.03586107e+01 2.17608906e-01 -1.52469871e-01 -1.45680192e-01
 3.49298750e+01 3.09729920e-01 -4.38218236e-02 -2.18812428e-01
 4.28316906e+01 -1.14353366e+00 -1.86302342e-01 -1.12260322e-01
 3.88774471e+01 2.20726010e+00 -2.16009661e-01 -1.01194893e-01
 3.77259367e+01 2.73623004e-01 -1.66494067e-01 -9.52498388e-02
 4.21594383e+01 -4.34198006e-01 -1.14763356e-01 -1.01714434e-01
 4.06532399e+01 -2.21706819e-01 -1.67274082e-01 -9.68723472e-02
 3.77589060e+01 -2.37650917e-01 -1.99380722e-01 -9.42975990e-02
 4.73352357e+01 -1.48706934e+00 -1.65009872e-01 -1.09695643e-01
 3.71252349e+01 6.99373879e-01 -1.04654083e-01 -4.88469916e-02
 3.47741275e+01 1.17515231e+00 -1.77414371e-01 -1.90874188e-01
 3.79287262e+01 -5.75252829e-01 -1.81543543e-01 -1.38431707e-01
 3.46170201e+01 1.19019623e+00 -2.36328114e-01 -9.56632308e-02
 4.45071138e+01 -3.53735979e-01 -1.48358719e-01 -6.84194531e-02
 3.93540581e+01 -3.28626204e-01 -1.22606156e-01 -1.69611749e-01
 4.08345276e+01 1.69916959e+00 -6.39005086e-02 -2.14628047e-01
 4.50956630e+01 1.17561707e-01 -1.69818884e-01 -1.24867985e-01
 4.11938140e+01 1.50306720e+00 -1.68236430e-01 -1.45295601e-02
 3.51104361e+01 1.34540399e-01 -1.29964787e-01 -1.51495881e-01
 3.64461564e+01 -6.36070225e-01 -1.70443653e-01 -8.30114004e-02
 4.19120004e+01 1.07563621e+00 -8.52355562e-02 -5.76484404e-02
 4.58656524e+01 -3.06621061e-01 -2.04275434e-01 -1.44522291e-01
 4.04824602e+01 1.03363957e+00 -1.39332324e-01 -8.43858491e-02
 4.12304778e+01 4.41016847e-01 -1.08815441e-01 -5.15041791e-02
 3.51157633e+01 2.51801207e-01 -1.87264376e-01 -2.90853494e-02
 3.36801556e+01 2.53618876e-01 -2.44765190e-01 -1.88782650e-01
 3.82804498e+01 1.11709873e+00 -1.48877787e-01 -1.12959247e-01
 3.49718747e+01 6.14788426e-01 -1.48208228e-01 -1.41124242e-01
 4.76391889e+01 6.99777723e-01 -1.87509218e-01 -8.71544545e-02
 4.11674348e+01 -2.50601016e-01 -9.07503898e-02 -9.57933954e-02
 4.02841931e+01 1.05514256e+00 -1.54913092e-01 1.19859842e-02
 4.46013727e+01 1.77422566e+00 -1.86907127e-01 -8.46103738e-02
 3.57610845e+01 3.42816732e-01 -1.61829542e-01 -1.23707376e-01
 4.04869734e+01 1.41391822e+00 -5.40410005e-02 -1.32795223e-01
 3.60838278e+01 1.12467818e+00 -5.48531236e-02 -7.47678241e-02
 4.17094841e+01 5.31453270e-01 -8.72705211e-02 -1.11215135e-01
 3.55704981e+01 1.36937050e+00 -1.35450591e-01 -1.25693223e-01
 4.44727190e+01 8.22945951e-01 -2.09442574e-01 -9.90295015e-02
 3.91615336e+01 1.10949323e+00 -1.41559390e-01 -4.62741252e-02
 3.97729542e+01 -3.38525082e-01 -1.50675353e-01 -1.03166809e-01
 4.10204851e+01 6.81268986e-01 -1.87129903e-01 -1.37305188e-01
 4.15624558e+01 -1.75561459e+00 -1.79620883e-01 -5.93114439e-02
 4.20033395e+01 -4.69850483e-01 -1.13459295e-01 -1.75111798e-01
 4.09181642e+01 1.97288880e+00 -1.92350288e-01 -1.27376977e-01
 4.22633374e+01 -9.37758608e-02 -2.32639251e-01 -1.16065962e-01
 4.09431279e+01 1.68823065e+00 -1.51655129e-01 -1.85272741e-01
 3.98745339e+01 1.25354384e+00 -1.43129740e-01 -9.84639489e-02
 4.58976055e+01 9.13440542e-01 -1.55048164e-01 -9.45057421e-02
 4.27969542e+01 -1.18208476e-01 -3.87702390e-02 -4.12801702e-02
 3.10827941e+01 3.66213554e-01 -1.67202470e-01 -1.20320611e-01
 4.06560637e+01 1.30372308e+00 -1.68425360e-01 -4.40234983e-02
 3.97683897e+01 -9.81764583e-01 -1.48055388e-01 -3.62201021e-02
 3.61883849e+01 8.03193385e-01 -1.43007290e-01 -8.42903635e-02
 3.72064315e+01 1.90354051e-01 -1.51805919e-01 -1.87925464e-01
 4.39603079e+01 1.36582986e+00 -1.99536969e-01 -1.14666250e-01
 4.28543210e+01 -2.78843049e-01 -1.84492774e-01 -5.01019352e-02
 3.39588048e+01 3.83394397e+00 -1.07271337e-01 -8.54536232e-02
 3.99187843e+01 2.43658865e-01 -5.23044723e-02 -1.45703580e-01
 3.91801310e+01 3.18781179e-01 -2.38478717e-01 -4.96695464e-02
 4.46916122e+01 -6.39305573e-01 -1.40642351e-01 -1.01771742e-02
 4.41301716e+01 8.22233034e-01 -1.40873217e-01 -8.45190952e-02
 4.87995526e+01 -1.43917133e-01 -1.11172947e-02 -1.80419583e-01
 4.51652625e+01 5.95655125e-01 -1.17052299e-01 -1.13630773e-01
 3.49216407e+01 -2.21499806e-01 -2.27191479e-01 -1.78856734e-01
 3.58267260e+01 2.81463862e+00 -1.34165471e-01 -1.01221464e-01
 4.58913090e+01 1.12879449e+00 -2.01228303e-01 -2.07219113e-01
 4.22364399e+01 -9.69844684e-02 -1.93894608e-01 -8.50746450e-02
 3.99146013e+01 -4.52413264e-01 -1.00023763e-01 -2.01443495e-01
 3.89069257e+01 5.90656044e-01 -1.24188462e-01 -6.67463569e-02
 5.03292048e+01 -6.14872047e-01 -3.20990037e-01 -1.94677628e-01
 3.86068144e+01 -9.03713148e-01 -1.49453477e-01 -3.51732802e-02
 4.45673521e+01 8.88426089e-01 -1.48946487e-01 -1.53720729e-01
 3.64624423e+01 2.01760895e+00 -1.02770487e-01 -7.34845140e-02
 3.96506219e+01 -1.43517773e-01 -2.17815579e-01 -1.99866780e-01
 3.52173512e+01 4.23677195e-01 -2.21971943e-01 -8.73030829e-02
 4.28999105e+01 6.37046473e-01 -1.73459323e-01 -1.80334968e-01
 4.49880437e+01 -8.88475380e-02 -1.33710486e-01 -7.43077182e-02
 4.22432756e+01 4.39125657e-01 -1.36243362e-01 -7.75347644e-02
 4.21782566e+01 1.56121274e+00 -1.69381406e-01 -5.91278250e-02
 4.33281260e+01 1.04149144e-02 -1.32485636e-01 -1.03404906e-01
 4.12554128e+01 2.24810849e+00 -1.27130906e-01 -1.92714595e-01
 4.52812768e+01 8.43742801e-01 -1.75986783e-01 -2.59010304e-02
 4.44223434e+01 3.39730307e-01 -1.39918419e-01 -1.38714362e-01
 4.12868792e+01 3.08732823e-01 -1.38601813e-01 -5.20007444e-02
 3.98126931e+01 -3.09884696e-01 -9.40637266e-02 -9.52250505e-02
 4.58023302e+01 -4.58930825e-01 -2.24319481e-01 -1.42265656e-01
 3.74643311e+01 1.01876961e+00 -1.20671935e-01 -1.59738016e-01
 3.62366497e+01 1.03055018e+00 -1.79429562e-01 -8.96626494e-02
 4.48692870e+01 8.93791149e-01 -1.74677517e-01 -1.42899624e-01
 4.15593716e+01 -7.03391346e-01 -8.41815145e-02 4.38426653e-02
 3.87663337e+01 1.72791700e+00 -1.32490569e-01 -1.64957994e-01
 4.30617795e+01 1.09123236e+00 -1.64305450e-01 -9.75843485e-02
 4.20315915e+01 9.35302935e-01 -1.38530900e-01 -7.56857539e-02
 4.74625773e+01 7.50367254e-01 -7.79580844e-02 -1.74313175e-01
 4.10493887e+01 -9.27031818e-01 -9.17235145e-02 -1.27109371e-01
 4.15047983e+01 4.95858099e-01 -1.60125435e-01 -3.37104317e-02
 4.54398799e+01 2.91201044e+00 -9.80131556e-02 -1.66509851e-01
 4.43639029e+01 1.69644037e+00 -1.51211571e-01 -9.71733220e-02
 4.27820991e+01 2.05978409e+00 -1.10684537e-01 -1.34892181e-01
 3.99569275e+01 -1.60998677e+00 -1.77029998e-01 -5.78971473e-02
 4.28365265e+01 3.72194287e-01 -2.01010379e-01 -7.26803663e-02
 4.77176885e+01 8.48032204e-01 -1.91247036e-01 -1.10046686e-01
 4.46822335e+01 8.35294984e-01 -1.83932456e-01 -6.97413408e-02
 4.32173007e+01 1.41020122e-01 -1.56194638e-01 -1.46746263e-01
 4.73575563e+01 -4.67497346e-01 -1.85772870e-01 -4.04836146e-02
 4.20354813e+01 8.03441651e-01 -1.22528507e-01 -1.09898377e-01
 3.73528646e+01 -8.19010802e-02 -1.00587287e-01 -7.47491315e-02
 3.68149597e+01 6.13645510e-01 -1.45722575e-01 -1.62617774e-01
 3.76405689e+01 2.59580187e-01 -1.43931987e-01 -8.21757600e-02
 4.57548409e+01 -7.26480306e-02 -1.22398854e-01 -2.06769598e-01
 3.74584762e+01 8.92540871e-01 -1.73288481e-01 -1.30965372e-01
 4.12109168e+01 1.05270875e-01 -1.35403526e-01 -1.66242785e-01
 4.35190734e+01 1.29534740e+00 -1.01310094e-01 -8.66283911e-02
 4.49102344e+01 -9.91669870e-02 -1.64620387e-01 -9.78284322e-02
 4.40548760e+01 1.20486703e+00 -1.62037847e-01 -4.19219768e-02
 4.23083597e+01 1.95484467e+00 -1.73371949e-01 -1.70556621e-01
 4.64322943e+01 4.70155117e-01 -1.30236313e-01 -1.30571784e-01
 4.45190625e+01 -8.90958251e-01 -1.20410191e-01 -9.03297282e-02
 4.67553587e+01 2.48104337e+00 -2.49564362e-01 -1.62377507e-01
 4.45107761e+01 7.11036128e-01 -1.55450442e-01 -3.89814478e-02
 3.64225322e+01 1.63458103e+00 -1.07194458e-01 -1.37653097e-01
 4.91830421e+01 2.33960529e+00 -1.46014703e-01 -6.76139710e-02
 4.42229746e+01 -8.36326933e-02 -4.18835522e-02 -5.40440605e-02
 3.79981471e+01 6.44497093e-01 -1.23542343e-01 -9.82347973e-02
 3.90129253e+01 7.60673818e-03 -1.03214540e-01 -1.33497244e-01
 3.98481581e+01 5.33983644e-01 -1.80244244e-01 -5.00831943e-02
 4.40339961e+01 -3.37053838e-01 -9.66763509e-02 -1.43120006e-01
 4.98524225e+01 6.79093234e-01 -1.13103869e-01 -1.01353724e-01
 4.24497459e+01 5.89219234e-01 -1.42540257e-01 -1.00855753e-01
 3.94788348e+01 1.31429930e+00 -1.23208666e-01 -3.63662936e-02
 3.90159536e+01 -2.10213914e-01 -1.74299761e-01 -4.53129505e-02
 3.91243195e+01 -3.66195455e-01 -5.31662371e-02 -1.11695062e-01
 4.54176926e+01 1.34622674e+00 -9.06202713e-02 -7.78242517e-02
 4.79133751e+01 -3.59688526e-01 -1.85595259e-01 -1.41844979e-01
 4.03548761e+01 7.66977698e-01 -1.33215073e-01 -1.51335971e-01
 4.30801584e+01 -6.72018933e-01 -2.17712990e-01 -1.55806786e-01
 3.93672242e+01 2.52582559e+00 -1.54638002e-01 -1.28871568e-01
 4.17300367e+01 4.73230678e-01 -1.67377783e-01 -1.28089987e-01
 4.27571251e+01 -1.15344843e+00 -6.06922498e-02 -9.04886888e-02
 4.05247037e+01 1.06404858e+00 -1.65948482e-01 -4.36743095e-02
 4.10743147e+01 -1.88918124e-01 -1.24895830e-01 -1.89219303e-01
 4.07732708e+01 1.45030260e+00 -3.20817073e-02 -2.46632922e-02
 4.14661788e+01 -2.68978970e-02 -7.77076707e-02 -7.83709054e-02
 3.77470312e+01 2.41655261e-01 -8.99080550e-02 -9.03151663e-02
 4.71421928e+01 7.31129337e-01 -2.30428752e-01 -9.60276852e-02
 4.04338808e+01 1.16555029e-02 -8.49301744e-02 -1.21621133e-01
 4.60629677e+01 -1.27911166e-01 -1.73519694e-01 -5.19094106e-02
 4.51587619e+01 5.03515424e-01 -1.80149313e-01 -1.05359885e-01
 4.10990463e+01 -9.40468532e-01 -1.39588707e-01 -1.24319680e-01
 3.96060609e+01 -8.11005022e-01 -1.85543234e-01 -1.85548316e-02
 4.06165265e+01 1.19434139e+00 -5.89110890e-02 -5.77909338e-02
 4.63430245e+01 1.54968855e+00 -8.10186678e-02 -5.50559252e-02
 3.67309919e+01 1.69022486e-01 -1.02051169e-01 -1.12154878e-01
 4.05981457e+01 1.64990436e+00 -2.08700935e-01 -1.21702711e-01
 4.17522896e+01 3.57439020e-01 -1.27560401e-01 -1.15328968e-01
 4.58431761e+01 1.02559471e+00 -1.97038620e-01 3.04920145e-02
 4.18608842e+01 1.18974348e-01 -1.21319823e-01 -1.42766501e-01
 4.69519352e+01 3.77379482e-01 -2.71179396e-02 -1.62381761e-01
 3.61779340e+01 1.59850919e+00 -1.40154310e-01 -1.16148010e-01
 4.25123043e+01 -5.32315961e-01 -1.91374069e-01 -7.47233181e-02
 4.16219063e+01 1.75022552e-01 -2.14131172e-01 -1.14472393e-01
 4.27443779e+01 1.22658161e+00 -2.09163582e-01 -1.94430716e-01
 5.41824224e+01 -1.35076709e+00 -2.48387714e-01 -1.09501058e-01
 4.24370252e+01 2.61635575e-01 -1.51511323e-01 -8.00526048e-02
 4.43269550e+01 3.31263726e-01 -1.89589327e-01 -1.50548693e-01
 3.86005598e+01 2.13670796e+00 -4.50209905e-02 -1.74633143e-01
 4.54596281e+01 5.92358771e-01 -7.28072326e-02 -1.98687552e-01
 3.74637560e+01 4.92895932e-01 -1.50651101e-01 -1.32875455e-01
 4.50074463e+01 -2.62181432e-01 -2.67206685e-01 -1.39744902e-01
 3.75369275e+01 3.18957302e-01 -2.23042774e-01 -9.58632530e-02
 3.92257197e+01 6.98267315e-01 -1.92515891e-01 -1.21883468e-01
 4.68301275e+01 -2.07676812e-01 -1.92271037e-01 -1.37546960e-01
 4.22702185e+01 6.90001121e-01 -9.11924918e-02 -1.69622817e-01
 4.22805918e+01 -1.60419648e-01 -1.22241625e-01 -1.54914888e-01
 4.28437129e+01 1.70330834e+00 -1.30124200e-01 -1.05193157e-01
 3.54444960e+01 1.83798322e+00 -1.21605870e-01 -6.01072743e-02
 4.43398047e+01 5.62022900e-01 -8.43943577e-02 -1.17029580e-01
 4.22101347e+01 1.01442132e+00 -4.79343780e-02 -7.93443309e-02
 4.41591313e+01 4.59703679e-01 -8.19139566e-03 -1.32140199e-01
 4.28683960e+01 3.24340820e+00 -4.67450994e-02 -1.79554450e-01
 5.22853479e+01 -2.79771290e-01 -1.66312623e-01 -1.18443216e-01
 3.78470311e+01 1.93185747e-01 -6.29200975e-02 -5.07995786e-03
 4.15283955e+01 -1.12739478e+00 -1.19386852e-01 -1.43518755e-01
 3.79240866e+01 -4.18039557e-01 -1.43003670e-01 -4.62743527e-02
 4.49849502e+01 2.18978991e-01 -3.58905843e-02 -3.10814484e-02
 4.17972358e+01 1.49548678e+00 -1.45554214e-01 -1.38445371e-01
 4.05565244e+01 2.88165561e+00 -1.40314712e-01 -8.64971460e-02
 4.19876484e+01 2.03084588e+00 -2.30052071e-01 -1.39090989e-01
 4.04122063e+01 1.49008167e+00 -1.15981051e-01 -9.31640086e-02
 3.98547754e+01 2.10824524e-01 -1.59406259e-01 -8.34093732e-02
 4.34482765e+01 4.11280940e-01 -8.07847716e-02 -9.16446597e-02
 4.64264004e+01 1.37524424e+00 -1.50975771e-01 -1.68073928e-01
 4.83777098e+01 1.94314576e+00 -6.64979155e-02 -1.08408990e-01
 4.64308387e+01 -1.35008995e+00 -1.43729236e-01 -6.17361875e-02
 4.47826499e+01 7.19840458e-01 -7.82193498e-02 -8.31863073e-02
 3.98964082e+01 1.71251158e-01 -1.57695519e-01 -4.99578259e-02
 4.11747207e+01 2.09059578e+00 -1.99969386e-01 -1.22843300e-01
 4.11878286e+01 4.22852628e-01 -9.27737524e-02 -9.85965171e-02
 4.56477257e+01 5.92509039e-01 -1.52979498e-01 -3.50393696e-02
 4.93879955e+01 -1.93381672e+00 -2.14832321e-01 -1.26635075e-01
 3.73617076e+01 5.31213666e-01 -2.47955128e-01 -1.15917743e-01
 4.07356148e+01 5.50312323e-01 -1.70036242e-01 -1.18905080e-01
 5.53919679e+01 1.35882777e+00 -1.61283936e-01 -1.47776755e-01
 4.60344773e+01 -5.96320086e-01 -1.47403963e-01 -7.42638528e-02
 4.91856344e+01 -9.37989371e-01 -1.43458953e-01 -1.89629813e-01
 4.08889353e+01 1.19735364e+00 -2.15668563e-01 -7.18425480e-02
 4.13035358e+01 1.55287207e+00 -1.94280769e-01 -9.83651139e-02
 4.96071835e+01 -2.50984995e-01 -1.27562795e-01 -1.86281607e-01
 3.75641385e+01 1.24025603e+00 -1.87302712e-01 -1.46854940e-01
 4.68339694e+01 7.89991689e-01 -1.62811245e-01 -1.23660715e-01
 4.28501471e+01 2.01258384e+00 -1.51874693e-01 -1.44730111e-01
 4.92577280e+01 1.01321344e+00 -1.00264728e-01 -1.13992200e-01
 4.50080141e+01 6.03215974e-01 -1.96142843e-01 -1.25835634e-01
 4.99271741e+01 1.00677338e+00 -2.06836009e-01 -1.59059941e-01
 4.61758541e+01 -2.97476005e-01 -1.13434699e-01 -1.20537001e-01
 4.46429673e+01 1.45093197e+00 -1.42578458e-01 -1.04463556e-01
 4.85698767e+01 1.73256003e+00 -9.66886945e-02 -7.80230601e-02
 4.40584153e+01 -1.19345705e+00 -1.69174567e-01 -1.06884924e-01
 4.12245489e+01 -1.92192617e+00 -1.06550927e-01 -1.61867795e-02
 4.04860659e+01 -4.02749513e-01 -1.21337533e-01 -1.92278008e-01
 4.50145072e+01 8.79304174e-02 -1.27970412e-01 -5.57503398e-02
 4.29003389e+01 1.12469013e+00 -1.06921082e-01 -2.28194650e-01
 5.04227361e+01 5.52718548e-01 -1.45582355e-01 -1.54140688e-02
 3.97668084e+01 -1.50224622e+00 -1.74424119e-01 -1.70634081e-01
 3.98327022e+01 -1.40821084e-01 -2.45778370e-01 -6.22112239e-02
 4.60185612e+01 4.98485239e-01 -1.37472983e-01 -1.02541519e-01
 4.12506732e+01 1.17009198e+00 -1.87480886e-01 -1.49102687e-01
 4.07506756e+01 -4.67790102e-01 -1.45346538e-01 -5.06516639e-02
 4.24043183e+01 -3.71751375e-01 -1.82000380e-01 -6.60214767e-02
 4.21536135e+01 1.53455211e+00 -1.22381157e-01 -1.46288138e-01
 4.72033732e+01 -2.07939568e+00 -1.46607585e-01 -9.11579401e-02
 5.01365961e+01 1.28335674e+00 -2.17161008e-01 -1.14262425e-01
 4.77065947e+01 -4.30366535e-01 -7.83809654e-02 -1.08485406e-01
 4.57580857e+01 2.36472671e-01 -1.03279970e-01 -1.37972291e-01
 3.80040305e+01 -9.65234067e-01 -1.20972588e-01 -1.07586617e-01
 4.99696214e+01 1.20404885e+00 -1.73229153e-01 -5.55482130e-02
 4.90616837e+01 7.70657501e-01 -1.67956287e-01 -6.96092904e-02
 4.75795665e+01 8.68874150e-01 -1.95045837e-01 -1.96973708e-01
 4.05964468e+01 2.69232465e+00 -2.29188114e-01 -1.32058751e-01
 4.41474176e+01 8.65633036e-01 -2.41276048e-01 -1.93985262e-01
 4.48299803e+01 2.76308432e-01 -2.31258742e-01 -1.36892430e-01
 4.43825244e+01 1.86370826e+00 -1.37009729e-01 -6.21511335e-02
 4.60162364e+01 9.11892152e-01 -1.74695656e-01 -1.91447192e-01
 4.31969346e+01 7.60600803e-01 -6.24621097e-02 -4.17786336e-02
 4.38169149e+01 -1.02210400e+00 -9.10074880e-02 -5.80189816e-02
 5.19530163e+01 -8.49604253e-01 -8.36195291e-02 -1.37288994e-01
 4.63669609e+01 1.22024517e+00 -1.48027308e-01 -1.42952016e-01
 4.88354701e+01 9.09685767e-01 -1.03619542e-01 -1.35519983e-01
 4.41407762e+01 1.68043896e+00 -1.82521183e-01 -1.75193122e-01
 4.33991605e+01 1.30589510e-02 -1.28283798e-01 -1.57309748e-01
 4.10271186e+01 4.74924823e-01 -4.08296250e-02 -1.96330451e-02
 3.78312891e+01 7.37275297e-01 -1.20254173e-01 -1.45204759e-01
 4.43068369e+01 9.23305221e-02 -9.39970353e-02 -1.03105206e-01
 4.68806529e+01 7.22052375e-01 -6.77377872e-02 -1.16722105e-01
 4.94817157e+01 8.53721268e-01 -1.79663187e-01 -1.45314812e-01
 4.68071144e+01 -2.67584421e-01 -1.20740881e-01 -1.18432010e-01
 4.64879769e+01 2.35952483e+00 -1.60396452e-01 -9.67253462e-02
 4.69469985e+01 2.32852585e+00 -9.22938909e-02 -6.10536686e-02
 4.92954434e+01 9.19546488e-01 -1.59936377e-01 -1.98956755e-01
 4.91876026e+01 2.16652328e-02 -2.43515131e-01 -2.27618946e-03
 4.24159516e+01 1.77255795e+00 -1.76138426e-01 1.70872108e-02
 4.66611741e+01 -7.88606628e-01 -8.88629456e-02 -8.78125337e-02
 3.36342814e+01 2.46787499e+00 -1.45420589e-01 -1.12170453e-01
 4.25931983e+01 1.72553716e+00 -1.68501076e-01 -3.20044261e-02
 4.65858994e+01 -9.39207920e-01 -1.40278490e-01 -1.08205637e-01
 4.46980922e+01 1.66755476e+00 -5.25886289e-02 -8.51775700e-02
 4.94090553e+01 -1.05551113e+00 -1.52986037e-01 -6.73275187e-03
 3.85314338e+01 9.29891493e-01 -2.21065300e-01 -9.74891330e-02
 4.08041504e+01 9.18951918e-01 -1.80243736e-01 -7.53400470e-02
 4.76462979e+01 -1.47578735e+00 -2.39916520e-01 -2.19526694e-01
 4.66981949e+01 -5.71328678e-01 -1.06420145e-01 -1.13657820e-01
 4.56549803e+01 -2.27763972e-01 -1.33889632e-01 1.26863983e-02
 5.05654594e+01 5.00670562e-01 -1.35607516e-01 -9.45549607e-02
 4.56497697e+01 2.05166840e+00 -1.82783117e-01 -1.76132529e-01
 4.49997832e+01 7.49153283e-01 -1.09041094e-01 -1.07801556e-01
 4.77315941e+01 -3.62630190e-01 -1.01843967e-01 -1.39332388e-01
 4.47170273e+01 2.44724869e+00 -1.21190011e-01 -1.93138495e-01
 5.46125431e+01 2.45852294e-01 -5.91017228e-02 -7.67274142e-02
 4.59520813e+01 -3.96584182e-01 -1.59372324e-01 -1.51772517e-01
 5.02110855e+01 3.48016550e+00 -1.33208467e-01 -9.67180923e-02
 4.01908402e+01 -5.48573176e-01 -1.04702159e-01 -2.54704355e-02
 4.40803129e+01 -1.18639226e-01 -7.79743156e-02 -2.81231368e-01
 4.83361569e+01 -1.61318262e-01 -1.25412540e-01 -1.03211016e-01
 4.46862021e+01 9.34560320e-01 -1.59525354e-01 -1.23349179e-01
 4.86372883e+01 -3.59959070e-01 -1.10461262e-01 -4.24421674e-02
 4.79734204e+01 -2.30781875e+00 -1.92058015e-01 -5.57264039e-02
 4.87781141e+01 1.24298591e+00 -1.09724410e-01 -1.33911191e-01
 4.31850516e+01 1.17207187e+00 -1.67540123e-01 -7.62055057e-02
 4.56510077e+01 7.59833755e-01 -1.20615172e-01 -7.48669484e-02
 4.33318525e+01 -1.88834753e+00 -1.21321442e-01 -1.39901870e-01
 4.78212605e+01 3.65349781e-01 -1.98068092e-01 -1.76756601e-01
 4.32536114e+01 -2.46781627e-01 -1.32110055e-01 -1.28351700e-01
 5.30534832e+01 5.45963322e-01 -9.28600173e-02 -6.59901026e-02
 3.99033753e+01 6.28711809e-01 -1.30447655e-01 -1.50173260e-01
 4.55688604e+01 5.37388122e-01 -8.08651187e-02 -1.59703780e-01
 5.16261793e+01 6.27667235e-01 -1.67151381e-01 -8.84624255e-02
 4.84295477e+01 4.33026036e-01 -1.83681310e-01 -1.46453970e-01
 4.76053562e+01 7.98371650e-01 -3.89827088e-02 -1.22648317e-01
 4.75498880e+01 1.01545951e+00 -1.63817710e-01 -1.25532718e-01
 5.11308479e+01 2.83745469e-01 -1.52448710e-01 -1.45694793e-01
 4.52254626e+01 -6.06451502e-01 -1.59071652e-01 -1.57721570e-01
 4.80542924e+01 1.91823590e+00 -2.02295310e-01 -1.29019816e-01
 4.30873920e+01 1.27823597e+00 -1.56730868e-01 -4.34423245e-02
 3.96083039e+01 1.24435295e+00 -1.37663141e-01 -1.03035350e-01
 4.46946984e+01 -5.82145722e-02 -1.19828487e-01 -1.13378556e-01
 4.09764114e+01 6.72921465e-01 -1.40668066e-01 -8.02305616e-02
 4.76504317e+01 3.13019288e-01 -1.06522275e-01 -8.71259381e-02
 4.30269677e+01 -1.55169335e-01 -2.00777279e-01 -3.22350524e-02
 4.81164615e+01 -1.40281484e-02 -1.08564478e-01 -8.10145015e-02
 4.41349696e+01 1.01865749e+00 -1.35168988e-01 -1.34916483e-01
 4.36545635e+01 -8.71780032e-01 -1.43027450e-01 -1.07452450e-01
 4.18328996e+01 -1.82452526e+00 -2.48892035e-02 -9.21090839e-02
 4.58176749e+01 -3.37947709e-01 -1.73663936e-01 -1.03284944e-01
 3.98991802e+01 3.07129446e-01 -1.31863148e-01 -7.40048153e-02
 4.77855895e+01 2.34046055e-01 -7.33058745e-02 -4.74883323e-02
 4.70744652e+01 5.50534249e-01 -2.17693377e-01 -1.83741101e-01
 5.01780505e+01 8.73868431e-01 -1.87073567e-01 -1.79247913e-01
 4.30170382e+01 4.23757530e-01 -1.56160404e-01 -4.59091368e-02
 4.28665230e+01 -1.18140649e+00 -8.90967166e-02 -4.92542560e-02
 4.37722062e+01 -1.18251083e+00 -1.82620037e-01 -8.58325702e-02
 4.35702423e+01 3.13644320e-01 -7.06120170e-02 -1.72251484e-01
 4.68075843e+01 7.47284968e-01 -1.63186451e-01 -6.34994364e-02
 5.22288270e+01 1.13640530e+00 -7.22782254e-02 -1.31496680e-01
 4.17883562e+01 7.28173117e-01 -9.87960922e-02 -2.81289729e-02
 4.73689009e+01 -7.97724966e-02 -1.09780967e-01 -1.12019220e-01
 5.34791077e+01 -1.61038999e+00 -4.10638963e-02 -5.41085857e-02
 5.15688675e+01 2.99118737e-01 -9.55655366e-02 -8.11843996e-02
 4.26258281e+01 6.26817424e-01 -1.46830488e-01 -1.06588486e-01
 4.52254502e+01 2.21073057e+00 -1.75679332e-01 -1.25670390e-01
 3.78320841e+01 -7.20962226e-01 -1.66474492e-01 -1.39630661e-01
 4.34387216e+01 -1.12358019e+00 -1.73070317e-01 -1.04079983e-01
 4.64408819e+01 -8.91383912e-01 -1.60738672e-01 -9.66268396e-02
 4.22279668e+01 1.41976866e+00 -2.22944674e-01 -1.35984661e-01
 4.93647718e+01 -1.32701131e-01 -1.83961547e-01 -1.71049874e-01
 4.42514547e+01 -6.76456571e-01 -1.94506483e-01 -9.12247086e-02
 4.40039226e+01 1.11410242e+00 -1.11596458e-01 -2.58227791e-01
 4.76602917e+01 3.17273235e-01 -1.24212414e-01 -5.11189615e-02
 4.15917492e+01 8.22593277e-02 -1.19852679e-01 -1.87533678e-01
 4.69417752e+01 -1.15722160e+00 -2.64825850e-01 -1.59562285e-01
 4.71802833e+01 -3.74770725e-01 -1.37179626e-01 -1.06977615e-01
 4.18349165e+01 8.65455418e-01 -1.16711668e-01 -8.35746040e-02
 4.88047397e+01 5.87203312e-01 -1.66746996e-01 -1.96709837e-02
 4.51581065e+01 4.37234183e-01 -1.98135892e-01 -5.41541301e-02
 4.95582623e+01 2.56287196e+00 -1.48525654e-01 -1.41922913e-02
 4.23790647e+01 6.73667955e-01 -1.19135415e-01 -8.78003862e-02
 3.89389453e+01 -4.61065892e-02 -1.73333739e-01 -1.17065781e-01
 5.28618886e+01 1.29800411e+00 -5.48164889e-02 -5.15153332e-02
 4.18737421e+01 9.01700668e-01 -1.31829219e-01 -1.29197840e-01
 3.93637436e+01 -2.85840251e-01 -1.00155685e-01 -1.16125381e-01
 3.91115814e+01 -1.08635731e+00 -1.74756497e-01 -3.97667212e-02
 3.89883592e+01 -1.09157527e+00 -4.58012784e-02 -1.22902676e-01
 4.59023012e+01 7.07735137e-01 -1.60404174e-01 -8.83058428e-02
 4.73489948e+01 -1.63435922e+00 -1.91266807e-01 -2.67978253e-02
 4.50459947e+01 3.32328676e-02 -1.00032359e-01 -1.80308991e-01
 3.86938965e+01 -1.63982284e+00 -1.15211591e-01 -1.50563091e-01
 5.37398910e+01 -1.24736908e+00 -1.26422673e-01 -1.13512888e-01
 4.68628934e+01 8.28728715e-01 -1.37302320e-01 -1.27976586e-01
 4.11382703e+01 -3.28200096e-01 -2.01735535e-01 -1.00273783e-01
 4.72471560e+01 1.09422301e-01 -5.88693026e-02 -9.76107280e-02
 4.65773971e+01 -3.36881462e-01 -7.46637587e-02 -5.28879971e-02
 4.73929094e+01 8.00038174e-01 -1.02623777e-01 -1.07176032e-01
 4.54507164e+01 -1.40935678e-01 -1.79860722e-01 -1.13903064e-01
 5.14000213e+01 1.07443017e+00 -1.96336277e-01 -9.62671702e-02
 4.02432390e+01 -9.48803470e-01 -8.36874691e-02 -1.32713480e-01
 4.28144652e+01 9.69765381e-01 -2.54485190e-01 -6.93578471e-02
 4.66125794e+01 -1.22576953e+00 -2.08002845e-01 -1.28042487e-01
 4.70363965e+01 -4.01177455e-01 -2.03855286e-01 -8.80648308e-02
 4.73004225e+01 -8.53915665e-01 -5.11055761e-02 -1.12239888e-01
 5.39788998e+01 5.34620074e-01 -7.11690120e-02 -8.45178898e-02
 4.63762086e+01 1.41705056e+00 -1.77090600e-01 -5.15754958e-02
 4.06408402e+01 1.09898129e+00 -2.14187118e-01 -1.56109387e-01
 4.46334073e+01 1.76948771e+00 -8.55870306e-02 -1.00552872e-01
 4.72545330e+01 7.25612515e-01 -1.87793512e-01 -5.28598844e-02
 4.84906479e+01 -1.97430960e-01 -6.48006730e-02 -8.55450394e-02
 4.44522329e+01 -1.73132807e-01 -1.31584994e-01 -1.15178925e-01
 4.60638412e+01 -4.58890854e-01 -1.18343327e-01 -8.39967214e-02
 4.56297072e+01 8.61779189e-01 -1.81096756e-01 -1.01927472e-01
 5.11069161e+01 1.31437532e+00 -1.93628745e-01 -6.53415035e-02
 4.48508729e+01 -1.30706567e+00 -7.28000942e-02 1.64716754e-03
 4.12091642e+01 1.47019637e+00 -8.11443984e-02 -1.41171466e-01
 4.31122423e+01 -1.61506501e+00 -9.24044270e-02 -1.61780558e-01
 4.89404315e+01 3.68963304e-01 -2.01012159e-01 -1.12948586e-01
 4.85648299e+01 2.04134312e+00 -2.48633465e-01 -1.86992883e-02
 4.40850928e+01 -1.90122546e+00 -1.97333271e-01 -1.95766581e-01
 4.46724851e+01 -4.63999056e-01 -1.67158431e-01 -1.35276852e-01
 4.27349673e+01 3.74304583e-01 -1.03459502e-01 -2.29144741e-01
 4.61455962e+01 -9.52080844e-01 -1.35661937e-01 -6.06742812e-02
 4.63689639e+01 -6.82802290e-01 -1.04826408e-01 -1.10568333e-01
 4.97069441e+01 7.45063235e-01 -1.55442704e-01 3.87535196e-02
 4.58703896e+01 3.36622995e-01 -7.04025769e-02 -1.49753346e-01
 4.85029793e+01 -7.68986180e-01 -4.77735122e-02 -7.25882173e-02
 4.34649386e+01 7.92197584e-01 -1.50406948e-01 -6.39281544e-02
 5.23922343e+01 2.75599607e+00 -1.60082472e-01 -1.65615512e-01
 5.65866614e+01 1.16665194e+00 -9.24484530e-02 -1.52347437e-01
 4.69885094e+01 -3.56129979e-01 -7.15679184e-02 -7.22719519e-02
 4.27860855e+01 2.16034476e+00 -1.35541365e-01 -1.67811488e-02
 4.88972123e+01 3.58222167e-01 -1.26347591e-01 -1.07677639e-01
 4.23221924e+01 7.66499272e-01 -7.19462852e-02 -1.27544189e-01
