 4.25294154e+01 -5.13773167e-01 -1.15421148e-01 3.65953380e-02
 3.12369974e+01 5.71728849e-01 -8.03160552e-02 7.99939606e-02
 3.78625826e+01 -3.15116308e-01 2.89495008e-02 4.77100925e-02
 2.59389874e+01 -4.33800911e-01 -1.08666596e-01 8.23385313e-02
 3.42092420e+01 1.81745809e+00 -9.11709188e-02 -1.30995423e-02
 3.53815139e+01 -1.53881256e+00 -7.35318678e-02 1.16017494e-01
 3.45861415e+01 -1.55926317e+00 1.77554704e-02 5.26459938e-02
 3.42327261e+01 -6.98669070e-01 -2.58492079e-02 1.00404929e-01
 3.29980289e+01 3.45192278e-01 -1.75573019e-02 5.80431014e-02
 3.14825981e+01 2.19394700e+00 -4.24384073e-04 6.49024353e-02
 3.73365486e+01 3.76205260e-01 -8.30655317e-02 9.58205936e-02
 3.69972974e+01 -3.40005454e-01 -8.11473848e-02 -2.06496608e-02
 2.51191967e+01 1.43261629e+00 -2.17137449e-02 4.46044416e-02
 3.98151668e+01 -1.95555289e-01 -3.14442311e-02 -6.29467249e-02
 2.89644765e+01 7.74310675e-01 -3.48251221e-02 8.62852411e-02
 3.01375177e+01 1.02859741e-01 2.31101209e-02 5.50385969e-02
 3.50062837e+01 6.83627513e-01 -7.60294061e-02 5.87768942e-02
 2.93519018e+01 6.79861820e-01 -3.54010300e-02 1.04794755e-01
 3.60310822e+01 -1.07560373e+00 -9.87241907e-02 2.22551903e-02
 2.79524131e+01 -7.30902982e-01 7.07840672e-02 4.17892921e-02
 2.25319737e+01 -1.04098942e+00 -7.56053159e-02 7.36072359e-02
 3.95912202e+01 2.10853869e+00 1.76613351e-02 1.22343764e-01
 3.06559734e+01 -1.76545279e-01 -8.16342646e-02 5.03008001e-02
 3.08860681e+01 2.94226031e-01 1.33354145e-02 7.98747399e-02
 2.87250780e+01 -1.15456596e+00 -3.95628343e-02 7.46517546e-02
 3.29121003e+01 -5.68437669e-01 2.09929537e-02 -1.24765698e-04
 2.98459312e+01 -1.71284537e+00 1.40546043e-02 3.01581405e-02
 3.17594836e+01 4.99092334e-01 -2.59358320e-02 1.34852882e-01
 3.76037319e+01 1.30588716e+00 -1.37732757e-01 -4.33193996e-02
 3.15853046e+01 4.20761326e-01 8.21703563e-02 6.08127854e-02
 2.94760454e+01 -4.89693673e-01 -2.43618496e-02 9.51851712e-02
 2.92697427e+01 -5.88907194e-01 -1.06811450e-01 1.33032293e-01
 3.36289430e+01 -1.07765950e-01 -3.98781522e-02 8.57836598e-02
 3.23839671e+01 2.14314402e+00 -4.60193165e-02 2.37601329e-02
 3.57533254e+01 -1.06030116e+00 -7.44158357e-02 4.21583993e-02
 3.44942945e+01 -3.80768757e-01 2.30341072e-02 6.89235719e-02
 3.49006057e+01 8.85664480e-01 4.90372221e-02 1.06997936e-02
 3.36637289e+01 1.09699191e+00 -1.59104755e-01 -3.45199731e-02
 3.08643104e+01 1.48715973e+00 -7.00305360e-02 1.34696219e-01
 3.02495927e+01 2.28086191e-02 -1.56594766e-02 -6.73880983e-03
 2.99452050e+01 8.46696800e-02 -3.66062720e-02 9.35715245e-02
 3.31930105e+01 2.07291534e+00 -5.33211769e-02 5.67306049e-02
 3.34797370e+01 -1.51601013e+00 -3.92656405e-02 5.19602652e-02
 3.36410019e+01 1.05571297e+00 1.24017313e-02 2.12552060e-02
 3.55157612e+01 1.39570971e-01 5.48194246e-02 6.72938545e-02
 3.66030158e+01 -5.67353770e-01 -6.68642621e-02 1.17361781e-02
 2.62997653e+01 -2.04552903e+00 -3.80157619e-02 6.50816893e-02
 2.56683205e+01 1.76213654e+00 -3.35066319e-03 -6.61544303e-02
 3.36397693e+01 -4.50197409e-01 -1.03673098e-01 5.54565089e-02
 3.36377376e+01 6.03893107e-01 -3.44018755e-03 4.25937260e-03
 3.55393923e+01 9.66910255e-01 1.15866093e-02 9.33789471e-02
 2.88688557e+01 -5.90210084e-01 -3.59627209e-02 6.31210956e-02
 3.15571335e+01 -2.82209224e-01 1.80783828e-02 1.55263187e-01
 2.93749249e+01 -1.47300463e+00 -9.00116881e-02 4.63761741e-02
 3.20680613e+01 -1.78103835e+00 2.53586436e-02 -6.06664478e-02
 3.21039992e+01 2.47074343e+00 -5.84862949e-02 1.18241402e-02
 3.32683123e+01 1.47257887e+00 -1.79095292e-02 1.15883851e-01
 3.60529433e+01 1.09768662e+00 -3.12640968e-03 5.74946630e-02
 3.44887096e+01 -2.27980773e-02 -1.99548577e-04 -1.08324454e-03
 3.15843044e+01 -1.44303910e+00 -9.07105959e-03 1.14679136e-01
 2.96802055e+01 3.77849059e-01 -6.76955042e-02 8.13758567e-02
 3.92644233e+01 4.94589850e-01 1.03800391e-02 1.04471321e-01
 3.27568445e+01 3.46831535e-01 -5.69970042e-02 -2.01627316e-02
 2.76134685e+01 -1.27455240e+00 -4.25173953e-02 5.59533762e-02
 3.01794844e+01 6.21648339e-01 -9.42672729e-03 -5.89862160e-02
 3.20061743e+01 -3.75167880e-01 -5.02090411e-02 1.16773630e-01
 2.51704415e+01 -1.58646122e+00 -3.60316887e-02 1.13210217e-01
 3.26302238e+01 3.22178556e-01 -1.72763255e-02 1.16709203e-01
 3.50836877e+01 9.40621247e-01 -9.21904669e-03 1.15799953e-01
 2.65033635e+01 -2.40569819e-01 8.08235267e-03 -3.32489892e-02
 3.69693946e+01 1.73595702e+00 -2.25974600e-02 -3.24882830e-03
 3.35067209e+01 -3.24351522e-01 -4.12958092e-02 6.94701242e-02
 2.86864572e+01 -1.37925316e+00 8.21927414e-03 9.10374756e-02
 2.87249186e+01 6.50578446e-01 4.04466643e-03 1.21233834e-01
 2.22509175e+01 1.49335427e-01 -8.36485453e-02 3.02337560e-02
 3.79294540e+01 6.09433714e-01 8.11495189e-03 2.96340390e-02
 2.56668617e+01 -1.97805242e-01 -2.54343195e-02 7.52991391e-02
 2.97475072e+01 -7.31535016e-01 -1.04082857e-01 1.16065099e-01
 2.57985868e+01 -7.26736297e-01 -3.82230649e-02 -4.02450808e-02
 2.56791048e+01 -7.98500616e-01 -1.84092313e-03 -4.07162954e-03
 2.96599402e+01 1.27842387e+00 -2.07991355e-02 1.62891150e-01
 4.33349605e+01 -2.56917326e-01 -1.56607326e-02 2.67325356e-02
 3.03658614e+01 1.11370333e-01 5.91949045e-02 1.16638181e-01
 2.49548073e+01 -1.13232258e+00 -4.95593840e-02 -2.77431742e-02
 2.81090375e+01 -2.37240657e-01 -3.44517887e-02 8.36397559e-02
 3.18146530e+01 -1.46779809e+00 -4.32415676e-03 7.38625025e-02
 2.55239677e+01 -6.22426417e-01 -9.93253789e-03 1.25277612e-01
 2.62226718e+01 -1.51175320e+00 -4.31570964e-02 7.22032002e-02
 3.53825593e+01 -2.11839067e+00 2.51504306e-02 3.35164277e-02
 3.05541927e+01 -6.27031687e-01 -3.29524889e-02 2.83219462e-02
 2.62137439e+01 4.09927664e-03 1.01117411e-02 7.70766647e-02
 3.13706021e+01 -4.55864742e-01 -7.27467711e-02 2.57583415e-02
 3.20927321e+01 7.54091837e-01 -8.19737046e-02 -2.88238861e-02
 2.63135978e+01 -1.49855971e+00 -5.92560940e-02 -9.53589323e-02
 3.37303299e+01 -2.11580741e-01 -4.30388832e-02 5.57635924e-02
 3.70285424e+01 -1.15980637e-01 2.95791855e-02 4.66885276e-02
 2.98797689e+01 -1.08703711e+00 -2.85733994e-02 1.20047765e-01
 3.39768760e+01 2.50079794e-01 2.94120460e-02 1.27614315e-02
 3.73125932e+01 -6.03351736e-01 1.08142250e-02 6.17188704e-02
 3.03083828e+01 -1.06542309e+00 -1.58140338e-01 9.08087640e-02
 2.45599297e+01 -8.04884558e-01 -4.23322358e-02 5.27738584e-02
 3.88662353e+01 -2.30147097e+00 -6.95885905e-02 6.99474964e-02
 3.84236920e+01 -1.42496634e+00 -9.28286911e-02 9.22944313e-03
 3.33956085e+01 -9.32575477e-01 -7.66202343e-02 7.08154351e-02
 2.34969046e+01 -1.02313102e+00 -5.45532602e-03 -7.53391013e-02
 2.83429116e+01 -3.57735383e-01 -1.48996618e-01 5.20624061e-03
 3.18348916e+01 -2.17358259e-02 2.04984477e-02 8.01875253e-02
 2.56818552e+01 1.55866577e+00 2.26777631e-02 3.36349317e-02
 3.39224845e+01 -1.34483637e+00 -5.03916067e-03 5.72858692e-02
 3.13518337e+01 -9.59790328e-01 -3.31410090e-02 1.78719409e-02
 2.64626755e+01 7.90183866e-01 -5.96997265e-03 3.83640208e-02
 3.35414705e+01 4.03607276e-01 -1.27172737e-02 4.84565904e-02
 3.53260724e+01 -8.39181497e-01 -1.28576398e-02 -2.47871849e-02
 2.90812236e+01 -1.64949788e+00 -4.34580431e-02 2.65960075e-02
 3.07989882e+01 1.46634547e+00 -1.41505757e-02 1.45688884e-01
 3.29456537e+01 -3.34341378e-02 4.42165056e-03 7.85427677e-02
 2.90369261e+01 -6.12490831e-01 1.62954213e-02 2.85906503e-02
 3.53483245e+01 1.30290281e-01 4.90088849e-02 -7.65939299e-02
 2.41140632e+01 -1.63005334e+00 -7.13062429e-02 5.35850469e-02
 2.96448503e+01 1.31635921e+00 -6.73438843e-02 5.66787290e-02
 3.46207355e+01 -1.65321410e+00 -1.12073236e-01 5.77415638e-02
 3.36149413e+01 -1.66079807e+00 -9.65566237e-02 8.71189322e-02
 2.93462809e+01 -6.06929920e-01 -8.51994920e-02 1.55128655e-02
 3.37150180e+01 -8.14030761e-01 -1.21737265e-02 5.54213810e-02
 3.07546624e+01 -5.10637273e-01 -3.27439105e-02 1.45815589e-01
 2.79206025e+01 -9.13258610e-01 -1.16577459e-02 9.41371524e-02
 3.21742075e+01 3.96387598e-01 -7.47107868e-02 1.04604386e-01
 2.84862533e+01 -4.21097590e-01 -1.00379091e-01 9.62129269e-02
 2.83538144e+01 -1.85808657e+00 -1.17918080e-02 4.70545176e-02
 2.88874291e+01 6.57249738e-01 -5.06165768e-02 -3.47950743e-02
 2.61797749e+01 -1.30899976e-01 2.96054952e-03 3.38388629e-02
 3.14723606e+01 -1.68055700e+00 -8.26045987e-02 8.71291299e-02
 2.89768698e+01 -8.61631652e-01 2.70425835e-02 3.87198331e-02
 3.46428209e+01 -2.77756839e-01 -3.57307789e-02 -1.58386049e-02
 3.42442405e+01 2.28719663e-01 1.66898076e-02 9.46200042e-02
 2.47210278e+01 -1.54783872e+00 -1.04593123e-01 -4.82483286e-02
 3.18814913e+01 -1.49915199e+00 -3.65738892e-02 -1.54628404e-02
 2.70383593e+01 -7.16623245e-01 1.11660419e-03 6.10045563e-02
 2.80586871e+01 7.02554634e-01 -2.92257490e-02 -1.29811596e-02
 3.26477737e+01 6.02245424e-01 1.97215351e-02 8.75433825e-02
 2.94431432e+01 -6.57343334e-01 6.12750700e-02 4.75108008e-02
 3.02706309e+01 -7.24596287e-01 -5.23090172e-02 8.94586268e-02
 3.47036739e+01 3.58721219e-01 6.47199517e-03 4.50444044e-02
 3.78402820e+01 -8.94667441e-03 -5.53616163e-02 2.21389032e-02
 3.45940099e+01 -4.49737237e-01 2.47458794e-02 6.90212047e-02
 2.53681609e+01 -1.60122156e+00 -3.78044699e-03 1.12003361e-01
 2.37743751e+01 -6.01823938e-01 -2.24338131e-02 1.19617938e-01
 3.18351943e+01 -9.61022191e-01 1.90772038e-03 5.08799659e-02
 2.84951473e+01 -3.04408332e+00 2.59008268e-02 4.97721212e-02
 2.56118059e+01 1.64576003e+00 -1.48376699e-01 7.12155998e-02
 3.02933506e+01 -1.71814085e+00 -1.61565167e-02 -5.70686597e-03
 3.14695136e+01 -6.37984130e-01 3.38153157e-02 1.24295612e-01
 3.34280788e+01 4.25765656e-01 3.68869120e-02 4.90311705e-02
 3.10503064e+01 1.21781518e+00 3.45233435e-03 5.22549965e-02
 2.53507940e+01 -5.23333290e-01 -8.78193647e-02 7.05855929e-02
 3.48546606e+01 -2.01529223e-01 2.71911212e-02 9.63802063e-02
 3.10792204e+01 9.87811109e-01 4.57945603e-02 7.89201564e-02
 3.29882974e+01 -1.04525397e+00 -8.60172142e-02 1.53408441e-01
 2.99254455e+01 -1.81169585e-01 9.93683034e-02 1.01847036e-01
 2.76655968e+01 -1.38624555e+00 -8.05904700e-02 -1.01721669e-02
 3.05574657e+01 -1.46213509e+00 1.22185218e-02 6.24351475e-02
 3.48622321e+01 8.86313663e-01 -6.62210146e-03 6.67567811e-02
 3.64996927e+01 -2.64759451e-01 2.98963310e-02 -6.44138351e-02
 2.86356900e+01 9.16749676e-01 -3.83469261e-03 -4.36651108e-02
 2.65608856e+01 -6.86067403e-01 5.02619162e-02 2.67418220e-02
 3.45206564e+01 -8.36309635e-01 -7.28088211e-02 1.21748245e-01
 2.69452028e+01 1.43961596e+00 -4.37177926e-02 8.78221755e-02
 2.97624940e+01 1.77798943e+00 6.24628266e-02 1.43925934e-01
 2.93636056e+01 -3.04432025e-01 5.59626183e-02 7.76497582e-02
 2.65940667e+01 -8.93983823e-02 -3.09354628e-02 1.17516175e-01
 3.19464533e+01 -8.99282883e-01 -6.95138754e-02 2.94561501e-02
 3.39237012e+01 -6.48109824e-01 -6.39885338e-02 1.45194492e-01
 3.33028605e+01 -5.66264510e-01 -6.74777583e-02 1.59239921e-01
 3.99292490e+01 -8.00488738e-01 -8.31430787e-02 6.11226628e-03
 2.91495842e+01 -6.09437386e-01 -2.35988212e-02 3.36303339e-02
 3.32472483e+01 7.19390061e-01 -1.32231978e-01 1.66327733e-03
 2.91007107e+01 -4.16400895e-01 -8.69934947e-02 1.26205633e-02
 3.83908543e+01 -7.86316438e-01 1.50708064e-02 1.00448712e-01
 3.17476717e+01 -8.13963072e-01 1.66975164e-02 1.01557533e-01
 4.00464722e+01 -8.18823238e-02 4.28861957e-02 1.31440363e-01
 3.06318673e+01 5.43803099e-02 -6.72993808e-02 3.39440503e-02
 2.86863427e+01 -1.47582920e-01 -8.57105175e-02 5.96844148e-02
 3.44443690e+01 -1.56937045e+00 1.94422363e-02 6.06230328e-02
 2.69031060e+01 3.58022816e-01 3.22123623e-02 7.41644774e-02
 2.70462306e+01 6.86784740e-01 -5.01427458e-02 8.49125691e-02
 3.39125637e+01 -1.07252059e+00 -2.39890661e-02 1.27746193e-01
 2.96888436e+01 1.24422507e-01 3.33682376e-03 1.17990157e-01
 2.90590777e+01 1.70153484e+00 -1.70239832e-03 1.75832316e-02
 2.71993627e+01 1.38993204e+00 3.61335407e-02 5.00619242e-02
 3.51104859e+01 -6.03472360e-01 -5.49137773e-02 3.34276855e-02
 3.71148705e+01 1.21872269e+00 -5.13779068e-02 7.89297731e-02
 3.26664309e+01 -2.21881345e+00 -1.65201350e-02 2.76996856e-02
 2.30032148e+01 2.30686364e+00 -6.52359798e-02 1.41768355e-01
 2.35668500e+01 1.51521221e+00 4.22201991e-02 1.05776592e-02
 2.65756209e+01 7.96789242e-01 -3.32849021e-02 1.55685923e-01
 3.28884228e+01 -8.68176288e-01 -3.35177874e-02 3.44894950e-02
 2.63804141e+01 -5.62606304e-01 6.33924938e-02 8.38867231e-02
 2.93424460e+01 5.55890986e-01 -8.15575813e-03 9.05084667e-04
 2.61542488e+01 1.91073424e+00 -2.31949908e-02 2.87491425e-02
 3.57903646e+01 1.89977888e-01 1.66512471e-02 1.09736005e-01
 2.78318759e+01 -8.24646111e-01 -7.73527176e-02 -3.17435127e-02
 2.54550823e+01 1.60192384e-01 2.71896286e-02 1.20895788e-01
 4.07387198e+01 -2.65721366e-01 9.30316553e-04 1.20374950e-01
 3.16997328e+01 1.25211192e+00 -5.09377485e-02 7.43521618e-02
 2.54360279e+01 2.91222611e-01 -3.84188617e-02 9.01310146e-02
 3.93671592e+01 1.54853857e+00 3.45272847e-02 9.59552265e-02
 2.72380108e+01 7.35970212e-01 1.07712419e-02 5.53006084e-02
 2.98932155e+01 2.37972612e-01 -1.14799286e-01 7.87596370e-02
 2.50368524e+01 4.12410813e-01 1.23574733e-02 -3.29391492e-02
 3.61726849e+01 4.31198483e-01 -9.25336810e-02 3.26067127e-02
 3.14530089e+01 1.79984988e+00 -2.19684595e-02 4.36695157e-02
 2.99846306e+01 -9.01723523e-02 -5.15952336e-02 -5.23286170e-03
 2.59110949e+01 -3.94072505e-01 -6.41054621e-02 4.19119675e-02
 2.85278691e+01 -5.26499664e-01 -4.07675421e-02 8.68622358e-02
 2.97818812e+01 1.56909926e+00 3.36164382e-03 8.82560254e-02
 3.09545583e+01 1.73440656e+00 1.90490539e-02 1.12247638e-01
 2.68713794e+01 -3.79217918e-01 -1.80855675e-02 1.06589017e-01
 3.39469486e+01 -3.25148556e-01 -3.43837252e-02 6.93874460e-02
 2.87483871e+01 8.25459604e-01 -3.15775288e-02 9.15230344e-03
 3.22994824e+01 -6.20773245e-01 4.24496291e-02 2.09578586e-02
 3.48117107e+01 3.27623869e-01 2.71352947e-02 8.43268782e-02
 3.16852425e+01 1.95730623e+00 5.53816073e-04 3.98266460e-02
 2.76866933e+01 2.09273458e+00 -5.65766192e-02 8.49273883e-02
 3.49577496e+01 1.53155492e-01 -2.70378759e-03 6.15106474e-02
 2.68293598e+01 -7.70687462e-02 -3.95198991e-02 6.83325681e-02
 2.73106992e+01 4.28643702e-02 9.67880002e-02 2.90080584e-02
 3.02649541e+01 1.14929137e+00 -5.84551638e-02 2.12287846e-02
 3.28064074e+01 -7.06629578e-01 9.39425025e-03 8.17893331e-02
 3.20751314e+01 -1.04647380e+00 -6.13671373e-02 5.56881035e-02
 3.21228658e+01 1.75227709e+00 -1.96459589e-02 1.36132230e-01
 2.24437827e+01 3.47258239e-01 -5.52902019e-02 1.14138791e-01
 2.86516689e+01 1.24725249e+00 -1.64408068e-02 1.05654806e-01
 2.72569458e+01 -1.29590519e+00 -8.14720486e-03 8.28218560e-02
 3.22926858e+01 -6.39734925e-01 -1.01325336e-01 6.57085095e-02
 2.70945544e+01 -7.75207174e-01 -1.60986181e-02 3.32774519e-02
 2.56445248e+01 1.04048075e+00 -4.94245450e-02 4.47943556e-02
 3.27816100e+01 8.89968614e-01 -6.52173878e-02 6.73477172e-02
 3.66898316e+01 7.27630221e-01 -4.54866596e-02 1.05450063e-02
 2.79460434e+01 8.98373094e-01 2.53854424e-02 5.53411615e-02
 3.12404327e+01 9.93664976e-01 3.04797792e-02 6.46082927e-02
 3.65682828e+01 3.85876276e+00 -4.52469100e-02 5.12775807e-02
 3.11030645e+01 -3.29550003e-01 -2.50119247e-02 3.29508448e-02
 2.92929544e+01 1.16294181e+00 -3.97048227e-02 9.82908273e-02
 2.70362218e+01 -1.07262822e+00 1.45405505e-02 1.26369769e-01
 2.58244289e+01 7.28356416e-01 -3.49474290e-02 3.48480925e-02
 2.82519195e+01 2.22362012e+00 -4.99200978e-02 7.64618432e-02
 3.47269821e+01 1.39777350e+00 3.55850970e-02 1.05106047e-02
 2.73536583e+01 -7.52839221e-01 9.06467990e-03 7.78194652e-02
 3.11398422e+01 7.07889954e-01 5.07261392e-03 9.65939177e-02
 3.07931917e+01 9.08425173e-01 -8.50667672e-02 5.01626718e-02
 2.60252498e+01 -1.93088872e-01 -6.45127155e-02 9.17394804e-02
 2.23568588e+01 -4.69070815e-01 2.27088334e-02 1.67384413e-01
 2.78919118e+01 1.74998971e-01 -6.14405021e-03 -1.09395009e-03
 3.35953186e+01 -7.93950996e-01 2.46507526e-02 4.26807652e-02
 3.34568415e+01 2.05123944e+00 -4.93092331e-02 -5.34395535e-03
 2.97925049e+01 5.69500678e-01 4.50713143e-02 2.85316101e-02
 3.28009517e+01 1.62174224e+00 -6.37739065e-02 5.34556941e-03
 3.25708229e+01 2.93700808e-01 1.05280020e-02 1.57753876e-01
 2.89432667e+01 1.19648038e+00 -2.15382572e-02 9.11421233e-02
 2.87177030e+01 7.76235849e-01 2.08771319e-02 4.51289896e-02
 3.24332853e+01 9.63531784e-01 -2.14134197e-02 5.33516720e-02
 2.99908147e+01 9.50602178e-01 1.31636041e-02 -6.75221607e-02
 2.51996969e+01 4.94088819e-01 -6.03309823e-02 1.88115653e-02
 2.52066200e+01 -1.92854919e-02 -4.06202959e-02 9.77828534e-02
 3.94569551e+01 5.76976530e-01 -2.70138855e-02 1.68214452e-01
 4.50150682e+01 6.41046290e-01 -2.04902507e-03 6.50888803e-02
 2.38851246e+01 5.96200522e-01 -4.08262048e-02 1.01181987e-01
 3.14594753e+01 6.84981540e-01 -5.06704690e-02 7.20623583e-02
 4.45841500e+01 -4.79332996e-03 -9.21769857e-02 4.20343950e-02
 2.65466062e+01 1.81709554e-01 -7.04866378e-02 8.33956849e-02
 2.55516288e+01 -7.04889878e-01 -3.56050704e-02 6.56307713e-03
 2.99140086e+01 2.12038575e+00 5.71802238e-03 8.48598383e-02
 2.79992181e+01 1.70135574e+00 -5.80083585e-02 9.99611540e-02
 3.37958351e+01 2.39409498e-01 -3.30675666e-02 5.41398256e-02
 3.42273132e+01 9.80386860e-01 1.10499113e-02 5.66998115e-02
 3.82322656e+01 7.11649053e-01 -3.37742381e-02 4.43255571e-02
 2.73388799e+01 -4.13441009e-01 -3.17311013e-02 5.34393057e-02
 3.10524379e+01 -2.99414876e-01 -7.02930125e-02 -4.63113873e-02
 3.09803265e+01 1.77276219e+00 -6.42530224e-02 8.55168219e-02
 2.29705736e+01 1.39004542e+00 -4.21901879e-02 5.22610362e-02
 3.74286755e+01 3.72870772e-01 -1.03406122e-01 9.52798531e-02
 2.30972475e+01 8.04745255e-01 -9.47886926e-02 1.26420760e-01
 3.22600101e+01 -3.45578185e-01 2.66664980e-02 2.31960967e-02
 3.48757510e+01 9.88536658e-01 -4.51923600e-03 3.25849456e-02
 3.50084701e+01 1.62033214e+00 -8.82927352e-03 6.18972953e-02
 2.36920246e+01 6.09250747e-01 4.66379177e-02 6.76601428e-02
 2.30383042e+01 -2.76959211e-01 -4.44096577e-02 5.08798680e-02
 3.26241707e+01 1.93560800e+00 8.12720309e-03 7.27125992e-02
 3.29394378e+01 1.82629675e-01 -3.18106328e-02 3.13159584e-02
 3.47923355e+01 2.87567765e+00 6.56011501e-02 1.87515287e-02
 3.25841931e+01 1.15238072e+00 -6.40314832e-02 4.97601153e-02
 3.10935779e+01 -3.04001168e-01 -5.78550530e-02 5.76162188e-02
 2.86890527e+01 6.06165798e-01 -1.17988495e-01 1.74609203e-01
 3.70728090e+01 -1.92885864e-01 -2.55478817e-02 1.06944520e-02
 3.28202109e+01 8.72742455e-01 1.11961453e-02 1.11018681e-01
 3.56477357e+01 1.68693013e-01 2.66424441e-02 7.13336431e-02
 3.44748854e+01 1.40167275e+00 3.84205593e-02 2.08739726e-02
 3.56442812e+01 2.09415200e+00 2.26687947e-02 1.08728438e-01
 2.68434621e+01 4.50566060e-01 -9.49366268e-02 1.27657429e-01
 3.16419602e+01 -6.27563763e-01 -5.82917800e-02 -9.00194220e-03
 2.51327868e+01 -1.67512230e-02 2.02239051e-02 4.80660236e-02
 2.99604092e+01 1.39792810e+00 -1.37617977e-01 4.99657496e-02
 3.51343309e+01 2.41308784e+00 1.45579379e-02 -5.50409734e-02
 3.35539316e+01 1.39998993e-01 3.42045696e-02 6.51940478e-03
 3.10562404e+01 -2.07168901e+00 5.52407665e-03 6.27274736e-02
 3.13622555e+01 1.15365483e+00 -7.65925105e-02 1.20495305e-02
 2.68298858e+01 1.70892902e+00 -8.47819190e-02 7.73034336e-03
 2.93131581e+01 -1.05227568e-01 6.58008209e-02 6.34671625e-02
 2.86938491e+01 2.89599994e+00 -4.49129838e-02 3.66104574e-02
 3.17455282e+01 -4.85931176e-01 -2.99114542e-02 1.24592018e-01
 3.07615602e+01 1.11708964e+00 2.94093147e-04 1.55164107e-02
 4.25417597e+01 7.53953340e-01 3.67904518e-02 1.63696517e-02
 3.51038098e+01 5.00993479e-01 5.51362647e-02 -2.06498373e-02
 3.10651501e+01 1.29967602e+00 -5.87912038e-02 1.82574221e-02
 3.64152198e+01 1.80506447e+00 -5.83955010e-02 1.03779632e-01
 3.15881822e+01 1.10984544e+00 -8.47902388e-02 -1.46951972e-02
 2.69299305e+01 1.17381380e+00 5.50921835e-02 4.23106753e-02
 3.15077055e+01 1.68359508e+00 -9.34403172e-02 1.71248291e-02
 3.66152243e+01 2.86032325e+00 -5.13124779e-02 4.11198828e-02
 3.68821042e+01 4.75215969e-01 -5.97492452e-02 -4.57220632e-02
 3.53971139e+01 3.19087402e-02 1.15225400e-02 1.20995876e-01
 2.26006310e+01 -1.10057844e-01 -9.03021522e-02 9.99453095e-03
 3.29358320e+01 1.53125755e+00 5.52699220e-02 1.69771612e-02
 3.52283477e+01 7.06555686e-01 -6.13533154e-02 2.35672490e-02
 4.41790778e+01 9.36928988e-01 -9.53439293e-02 1.95009370e-02
 2.99651060e+01 -4.27818404e-01 -4.54609433e-02 1.28267724e-01
 3.39970765e+01 1.72004680e+00 -5.57230346e-02 9.92451766e-03
 2.89161362e+01 1.29825932e+00 -1.22782290e-01 9.28282686e-02
 3.07384405e+01 1.68593623e+00 -4.37328828e-02 1.48837298e-02
 3.03189321e+01 -1.26055384e+00 -1.01733372e-02 -7.80388984e-03
 3.12948574e+01 1.35661371e+00 -8.19031588e-02 6.78852739e-02
 3.10741201e+01 1.14102689e-01 -8.79436497e-02 6.33135805e-02
 3.96789355e+01 1.34423298e+00 -6.12048613e-02 1.25675536e-01
 4.05249384e+01 7.24689157e-01 -4.40997636e-02 -1.08247536e-02
 2.66787386e+01 -1.99099202e-01 -1.06657078e-01 3.62302541e-02
 3.47853256e+01 -6.80221560e-01 1.64628158e-02 5.64590455e-03
 3.07619497e+01 2.00458447e+00 1.41511873e-02 9.85359884e-02
 3.25600339e+01 1.31325252e-01 -6.09361520e-02 1.72400370e-02
 2.74905275e+01 7.88491261e-01 -4.02051620e-02 2.64046861e-02
 2.82007208e+01 -8.06003573e-01 -1.22484214e-02 7.13954501e-02
 3.78220551e+01 -1.01516283e-01 -2.38351151e-02 1.07557908e-01
 3.05574693e+01 1.25966717e+00 -8.81708146e-02 4.25884302e-03
 2.88349646e+01 7.39646273e-01 -8.41685246e-02 7.92629299e-02
 3.49275898e+01 2.29977968e-01 2.40519795e-02 8.51036279e-02
 3.33652925e+01 5.77284087e-01 -7.56108000e-02 5.37904769e-02
 3.13341372e+01 -1.04052243e-01 3.60171297e-02 -5.31230679e-02
 3.03641613e+01 -8.06826458e-01 8.63935894e-02 -1.85809274e-02
 3.47828018e+01 -1.14651777e+00 5.04235851e-02 3.16970325e-02
 2.89874457e+01 2.38811735e-01 -2.66511015e-02 8.38896843e-02
 3.36746888e+01 5.37329087e-01 2.50721019e-02 5.40669173e-02
 3.95389020e+01 1.35466401e+00 -8.19002334e-02 8.19427420e-02
 3.59421821e+01 2.77232690e+00 -1.19624995e-02 4.54050511e-02
 2.89538539e+01 -3.18680362e-02 1.37046771e-02 9.64333227e-03
 2.88477220e+01 -3.86708035e-01 -7.39670993e-03 4.25671053e-02
 3.24726472e+01 -6.66702336e-01 -8.74132848e-02 6.65093998e-02
 3.32717431e+01 1.89480687e+00 3.32605697e-02 1.28217408e-01
 4.36647731e+01 2.50071046e+00 -9.01710019e-02 9.48833095e-02
 3.33200547e+01 5.01801314e-01 1.31717547e-02 -3.58662878e-02
 3.30179434e+01 -9.07393298e-01 2.06525146e-02 7.93807612e-03
 3.11631150e+01 6.97826755e-01 -1.07914293e-01 6.83524719e-02
 3.47093710e+01 -2.47755593e+00 -1.21194343e-01 -1.27335754e-03
 3.67133786e+01 -3.02060054e-01 -3.95167116e-02 1.61848349e-01
 4.40143212e+01 3.37256025e-01 -6.98591966e-02 7.40557270e-02
 3.21443560e+01 -1.82490839e+00 5.55615278e-03 3.46276375e-02
 3.79886239e+01 7.00175638e-01 -1.21309030e-01 1.31586839e-01
 3.82100135e+01 -2.15268410e-01 -8.19939459e-02 7.97309857e-02
 3.22204214e+01 1.97753091e+00 -2.88292118e-02 1.73064433e-02
 2.85945131e+01 6.06615238e-01 -3.45456422e-02 -8.96527864e-03
 3.38238208e+01 7.14482303e-01 -2.02236221e-02 -2.21155894e-02
 3.99259698e+01 2.42147450e+00 4.07035910e-02 7.81747454e-02
 3.62100165e+01 -2.07556523e-01 -4.65642450e-02 1.65043183e-02
 2.53047959e+01 3.38293983e-01 -4.51456275e-02 2.76297735e-02
 3.47984836e+01 -1.04588044e+00 -1.39945504e-01 1.09383785e-01
 3.37999905e+01 -3.33162750e-01 -7.33282634e-02 6.79131927e-02
 3.63297769e+01 1.94823437e+00 -1.21362650e-01 6.60290710e-03
 2.89400884e+01 -1.20976737e+00 -5.76292861e-02 -4.85594413e-02
 3.63298758e+01 -6.62047252e-01 -2.29757947e-02 1.14384982e-01
 3.19955962e+01 -1.40816362e+00 -3.83135661e-02 2.16777586e-02
 3.74434430e+01 -1.92257480e-02 -8.66366633e-02 1.22585861e-01
 3.04575635e+01 -1.83684311e-01 -7.73265245e-02 3.05500982e-02
 4.11842989e+01 2.87973121e-01 -3.61397940e-02 3.65065123e-02
 3.60213196e+01 -3.22886861e-01 -1.39174196e-01 8.76242460e-03
 3.08422691e+01 -7.37775249e-01 -1.00069814e-01 5.85000870e-02
 3.53270155e+01 -1.57322397e+00 -1.14499248e-01 -5.84392126e-02
 3.56248121e+01 2.04149616e-01 -1.07196445e-01 8.74576684e-02
 3.30974912e+01 5.52363409e-01 -3.94571281e-02 8.32720644e-02
 3.07073115e+01 -3.51608102e-01 -7.49801473e-02 1.02159205e-01
 3.91868246e+01 5.83466124e-01 1.51454872e-02 1.79657412e-01
 3.54115579e+01 -1.76427053e+00 -9.65305512e-02 1.19734507e-01
 3.54483986e+01 5.38993173e-01 -4.75240686e-02 1.51734232e-01
 3.48064824e+01 -7.08789582e-01 -4.58346465e-02 -1.67358645e-02
 2.65449235e+01 1.08163075e+00 -8.15040145e-03 4.60946936e-02
 2.98974937e+01 5.69738011e-01 -7.51412820e-02 2.06136418e-02
 3.12772592e+01 1.35130984e+00 -1.33591463e-03 2.41237404e-02
 3.83777371e+01 2.52069704e+00 -1.07245838e-02 1.19083301e-01
 3.23768202e+01 5.28119056e-01 -5.59828895e-02 3.96251572e-02
 2.49892316e+01 -3.16686714e-01 -1.01744477e-01 7.91904709e-02
 2.90578328e+01 -1.79358635e-01 -4.61105251e-02 1.05402842e-02
 3.69472591e+01 9.97315819e-01 -3.94443468e-03 4.85563393e-02
 3.41017121e+01 2.48856235e+00 -7.98155540e-02 4.11626379e-02
 3.60461336e+01 8.18217163e-01 -4.53460279e-02 -7.89212384e-02
 3.64722700e+01 -5.22351610e-01 -1.79332901e-01 7.79499145e-02
 3.18357403e+01 -2.61903924e-01 -7.30349654e-03 8.64558580e-02
 3.74963213e+01 8.95457629e-01 -6.43825838e-02 4.50877311e-02
 3.23865168e+01 2.77220141e-01 8.01978321e-03 4.89472634e-02
 3.21401659e+01 6.30351725e-01 -4.49024283e-03 2.00466914e-02
 3.12204155e+01 6.27082482e-01 -2.51760310e-02 7.79017417e-02
 4.33437422e+01 6.13394812e-01 6.71885888e-02 -8.61669265e-03
 2.92003939e+01 -7.45965126e-01 -2.75750581e-02 7.93872623e-02
 3.70404287e+01 6.91935166e-01 8.18068085e-04 -6.31834258e-02
 3.29208819e+01 1.29177645e+00 -2.32685331e-02 7.19002726e-02
 2.37049473e+01 -2.13307669e-01 3.47403603e-02 -7.36268545e-02
 2.84254065e+01 2.63585455e-01 -6.80047327e-02 3.35054805e-02
 3.02834955e+01 -2.33322717e-01 -7.87514405e-02 1.06833471e-01
 3.14717271e+01 1.37651005e+00 2.31340357e-02 3.67355254e-02
 3.44500432e+01 -2.00362962e-01 2.84766967e-02 5.04851501e-02
 3.68675771e+01 -2.52965549e-01 -4.11499303e-03 4.51171341e-02
 3.06660717e+01 -1.61999771e-01 -1.59430378e-01 1.31426625e-02
 3.64213727e+01 1.29414391e+00 -5.88363497e-02 7.68810083e-03
 3.56773772e+01 1.47004890e+00 -1.96730236e-01 5.34926356e-02
 3.48511680e+01 -6.64118462e-01 -2.38048863e-02 9.09174019e-02
 3.08067542e+01 -1.22390720e+00 4.95818229e-03 1.00222343e-02
 3.15472199e+01 1.02390445e+00 -1.21471100e-01 3.55260942e-02
 3.45132728e+01 1.98966962e+00 -3.76845322e-02 1.09219174e-01
 3.32555324e+01 5.59366695e-01 -1.16723292e-01 6.31290002e-02
 3.20371801e+01 1.21266471e+00 1.25429226e-02 -3.91799292e-02
 3.68003577e+01 1.05268575e+00 -1.38643041e-02 1.70327234e-02
 3.25460802e+01 -2.83264096e-01 -3.13953824e-02 5.65537297e-02
 3.29350994e+01 7.77215004e-01 -9.05625178e-02 5.28972653e-02
 4.10152830e+01 -7.36409599e-01 -5.77445444e-02 1.25737901e-01
 3.95748246e+01 -8.24452580e-01 -3.63395086e-02 6.41723670e-02
 3.36769582e+01 1.72899874e+00 -1.11772359e-01 8.14163665e-02
 4.00155166e+01 -5.02134564e-01 -1.10523239e-02 9.40332653e-02
 3.68598917e+01 1.07696144e+00 2.23214496e-02 -4.64917202e-02
 3.14417585e+01 2.96173053e+00 -3.79046680e-02 3.49874857e-02
 2.84276140e+01 1.03975714e+00 -5.01760392e-02 2.33689996e-02
 3.70406024e+01 1.09010057e+00 -1.09679911e-01 -4.70498850e-02
 3.37760234e+01 -5.82726377e-01 -9.34336168e-02 1.44399578e-02
 3.41672978e+01 4.78785903e-02 -8.71527065e-02 1.30021046e-02
 3.04381054e+01 -1.49821645e+00 -3.81238883e-02 -6.42748953e-02
 3.18044008e+01 1.39260606e+00 -7.43535010e-02 1.14745072e-02
 3.65873745e+01 1.19328800e+00 -2.82589017e-02 -6.90279014e-02
 3.40316164e+01 1.11268169e+00 -8.39020145e-02 1.03579374e-01
 3.42378587e+01 -5.47058041e-01 -1.23325853e-02 7.40807358e-03
 3.00853781e+01 6.10574155e-01 -3.61915231e-02 1.50107376e-02
 3.87577898e+01 -4.07988428e-01 -7.29355045e-02 7.51048580e-02
 3.57527528e+01 1.03600683e+00 -1.50780392e-02 5.40946181e-02
 4.10456354e+01 1.84956292e-01 -9.15732099e-03 9.53971725e-02
 3.17265013e+01 1.01468517e+00 -2.76047308e-02 1.06126412e-01
 3.83133608e+01 2.10913143e+00 4.16043053e-03 -1.68901285e-02
 3.86080140e+01 1.20001725e+00 -6.92725366e-02 -1.03579844e-02
 3.49836278e+01 8.50583644e-01 -6.86925044e-02 5.04719090e-02
 3.55782659e+01 1.98665785e-01 -1.91415417e-02 -1.07119017e-02
 4.05194549e+01 5.87607065e-01 -8.18030642e-02 7.98364231e-02
 3.44864639e+01 1.56074990e+00 -8.48222234e-02 7.70547363e-03
 3.68855970e+01 1.88574233e+00 -9.54215633e-02 1.08277033e-01
 3.17416957e+01 -1.00385665e+00 -4.43498113e-02 6.29185556e-02
 3.25775040e+01 4.96918190e-01 -9.94013988e-02 6.00306519e-02
 3.41518480e+01 1.14138375e+00 3.18000816e-03 -4.64026211e-02
 2.97230934e+01 -1.73500317e+00 9.53604732e-03 -2.11786379e-02
 3.52051004e+01 2.99733714e-01 -3.85958477e-02 9.29868870e-02
 3.22483616e+01 -4.42745583e-01 -5.50008985e-02 4.41909780e-02
 3.57929650e+01 6.64422844e-01 -1.47199491e-01 2.80804281e-02
 3.87338097e+01 1.05334015e+00 -8.80041167e-02 3.24048950e-02
 3.71911722e+01 1.98600401e+00 -9.42853039e-02 4.57094845e-02
 3.31047467e+01 1.37928315e-01 -1.13274290e-01 3.35207745e-02
 2.90950893e+01 -9.87681339e-01 -1.01556699e-02 -4.16464460e-02
 3.81990203e+01 -1.50542906e-01 -4.34921242e-02 6.98183511e-02
 3.33525113e+01 2.18709265e-01 -5.83859815e-02 -5.41318416e-02
 3.88203787e+01 8.11729490e-01 -5.44111650e-02 4.26331581e-02
 3.57657017e+01 3.99883849e-01 -6.25108850e-02 -2.46658841e-02
 2.97226087e+01 1.16778047e+00 -5.00530223e-02 -2.22783137e-02
 3.82020701e+01 2.62823372e+00 -8.18472514e-02 3.67431251e-02
 3.53024683e+01 1.06436862e+00 -9.20819404e-02 3.81155494e-02
 3.73416274e+01 1.47248542e-01 1.44330280e-02 6.61276295e-02
 3.96575380e+01 -2.32850319e-01 7.10407280e-03 3.46377222e-03
 3.49834009e+01 6.57044365e-01 -1.37269566e-01 -2.27235588e-03
 3.32032662e+01 2.73676607e-01 -1.49947066e-01 9.09891139e-02
 3.66042109e+01 4.29807041e-02 -3.25645179e-02 5.16850536e-02
 2.80524525e+01 -4.62622006e-01 -6.12918822e-02 2.31110125e-02
 3.37358326e+01 1.19524922e+00 -1.23958282e-01 1.04663742e-01
 3.49615009e+01 8.24657862e-01 -6.30447163e-02 2.95782722e-02
 3.84550472e+01 -1.66243030e-01 1.35615796e-02 1.20795976e-01
 3.75310093e+01 8.10277914e-02 -4.60183103e-02 6.24294401e-02
 3.28281211e+01 1.81334765e+00 2.09044153e-02 7.25207424e-02
 3.37406233e+01 2.09720471e-01 -2.74920377e-02 2.29637477e-02
 3.35998547e+01 9.37424982e-01 -5.57773387e-02 5.08309121e-02
 3.24653426e+01 9.64118230e-01 -5.68294502e-02 1.16606531e-02
 3.49894040e+01 9.25446450e-01 -9.02859053e-02 8.97297808e-02
 3.37051285e+01 -2.38723042e-01 -7.38279433e-02 -2.14206593e-02
 4.18255591e+01 2.58538610e-01 -2.34137658e-02 3.96186814e-02
 3.94113993e+01 2.27551944e+00 8.64294656e-02 2.09530419e-02
 3.23506131e+01 5.49103259e-01 -7.26938246e-02 4.94343110e-02
 3.32787828e+01 -3.88212657e-02 -8.84828782e-02 8.56196687e-02
 3.29668860e+01 2.45386802e+00 -6.32294285e-02 -3.26471993e-02
 3.22401023e+01 5.54140778e-01 -1.41163671e-01 3.92720369e-02
 3.82364412e+01 1.42318214e+00 -2.46402848e-03 2.26755578e-02
 3.37539554e+01 1.73808880e+00 -4.17226886e-02 -4.34426473e-02
 3.72700536e+01 -4.57232995e-01 2.33181556e-02 4.89619295e-02
 3.89936909e+01 5.93282069e-01 -9.41613584e-02 5.89057374e-02
 3.39731957e+01 8.70832871e-01 -7.07530838e-02 6.30586125e-03
 3.56377705e+01 -2.52492384e-01 -4.03854260e-02 -2.92993556e-02
 2.79761465e+01 -4.83310212e-01 -1.22399280e-01 -6.98389416e-04
 4.13734777e+01 1.08483859e+00 2.62320294e-02 8.18450228e-03
 3.78651028e+01 -1.48528679e+00 -9.48548735e-02 5.65076906e-02
 4.18706611e+01 1.69601352e+00 -2.57345252e-02 3.57739778e-02
 3.44575046e+01 -3.35095439e-02 1.59145420e-02 4.58474154e-03
 3.59184016e+01 1.68588529e+00 -1.92611266e-02 -3.13784674e-03
 3.48038452e+01 4.36639325e-01 -2.79329041e-02 -1.42268710e-02
 4.08082294e+01 -7.03377426e-01 -2.25444154e-01 -1.85739923e-02
 3.50384362e+01 9.46578929e-01 -9.00828306e-03 -3.75207846e-02
 4.14086729e+01 7.46798113e-01 -3.14537796e-02 -1.20085745e-02
 2.92081164e+01 -3.70690134e-01 -3.58474573e-02 9.04193153e-02
 3.70843423e+01 9.98999243e-01 -4.13705957e-02 1.05410126e-01
 3.30639901e+01 -7.98176962e-01 -5.17968315e-02 -1.25165327e-01
 3.92882634e+01 1.53994962e+00 -1.45568485e-01 7.23682511e-02
 3.19070285e+01 2.00110235e+00 -4.10864399e-02 -4.93832638e-02
 3.06953358e+01 1.83306837e+00 -1.60085426e-02 -1.24331949e-02
 3.75213369e+01 -6.19887475e-01 2.80516482e-03 -5.61140072e-02
 3.29949055e+01 -1.18869897e-01 -8.49975498e-02 -1.22408552e-03
 3.52634042e+01 -5.53966326e-01 -8.61794009e-02 9.01816044e-02
 3.75625019e+01 3.22164408e-01 -6.24725841e-02 5.51303472e-02
 4.00417036e+01 -7.66966560e-01 -6.87080326e-02 4.19062028e-02
 3.73192193e+01 1.47265814e+00 -7.81844440e-02 -7.53025119e-02
 3.55207025e+01 2.10879926e+00 -1.10348744e-01 -6.99966519e-03
 3.47058898e+01 -8.33646829e-01 -4.82506425e-02 2.34982298e-02
 3.96007944e+01 1.14291388e+00 -3.93102767e-02 -4.29575930e-02
 3.70139062e+01 1.86658053e+00 -2.43192727e-02 1.25124681e-01
 3.01604729e+01 -7.30092107e-01 -1.40544851e-01 -7.13343337e-02
 3.62590499e+01 9.85096832e-01 -5.10557618e-02 3.75959924e-03
 2.66614687e+01 8.73896170e-02 -7.66210884e-02 4.13585976e-02
 3.99758952e+01 -6.69647419e-02 -6.85639443e-02 5.72742202e-02
 4.66547437e+01 -6.54001769e-02 -9.27627110e-02 6.85750214e-02
 3.60189831e+01 -4.69988862e-01 -1.15167692e-01 1.72965444e-02
 4.14220212e+01 -1.54075958e+00 -9.06411376e-02 -1.01703937e-01
 3.33921528e+01 -1.07922323e+00 -1.02044866e-01 7.18316462e-02
 4.15937448e+01 1.00874503e-01 -4.37556492e-02 4.19973874e-02
 2.95390332e+01 -1.48082761e-01 -7.33880688e-02 5.52212232e-02
 3.43429753e+01 -7.23582475e-01 -1.20928057e-02 -9.66232856e-03
 3.53288555e+01 1.77796872e+00 3.36241112e-02 1.11734490e-02
 4.40336051e+01 4.54987991e-01 -2.18288225e-01 -4.39678773e-02
 3.78488243e+01 -1.11295049e+00 -1.68864715e-02 -6.18997893e-02
 2.72775785e+01 1.94923158e-01 -7.94006777e-02 3.80283346e-02
 4.07763238e+01 1.15064725e-01 -7.83978528e-02 5.81060922e-02
 3.37179008e+01 -9.95144813e-01 -8.56771863e-02 4.28714686e-02
 3.42059241e+01 6.48715253e-03 -1.69698579e-01 -3.46294534e-02
 4.05583342e+01 -9.57010680e-01 9.30241487e-02 5.44221554e-02
 3.00747715e+01 1.21035480e+00 -7.23209552e-02 -6.29898909e-03
 3.57344932e+01 -2.18160368e-01 -3.26958152e-02 2.11721401e-02
 3.68811302e+01 3.43531533e-01 4.35797354e-02 3.91069932e-02
 3.64122445e+01 -2.90803695e+00 -2.55648480e-02 5.41941218e-02
 3.92875964e+01 7.37344027e-01 -1.41153695e-01 -6.99342349e-03
 3.28231214e+01 -4.20358071e-01 -4.87772730e-02 -2.04972979e-02
 3.82427905e+01 8.06655650e-01 -1.42474540e-01 -2.87324539e-02
 3.82117099e+01 4.74584574e-01 -6.60806793e-02 3.96393735e-02
 4.15396683e+01 -9.91409720e-01 -1.60786627e-03 5.18619673e-02
 3.38998929e+01 -3.19219461e-01 -9.12122622e-02 -1.25307350e-01
 2.97181530e+01 -8.19141116e-01 -6.87390872e-02 6.73907701e-02
 3.35415166e+01 7.04400942e-01 -8.76557988e-02 6.89866457e-03
 4.19980028e+01 4.39969984e-02 -3.93258136e-02 4.16746587e-02
 3.29045697e+01 1.78216978e+00 -5.47390732e-02 -6.17808861e-02
 4.50607832e+01 -1.82208372e-01 -1.16016436e-01 -1.11686089e-02
 3.41870010e+01 1.30496097e+00 -6.15790259e-03 1.67505951e-02
 3.80118609e+01 7.09765597e-01 -5.87061272e-02 -1.48360913e-02
 3.32314343e+01 -7.08575945e-01 -1.17159799e-01 3.27326973e-02
 3.52784392e+01 1.30185722e+00 -6.00810705e-02 2.92718378e-02
 3.61883318e+01 -2.13705202e-01 -4.88606021e-02 7.23127221e-02
 3.09286465e+01 1.54086338e+00 8.02841778e-03 4.38500652e-02
 4.04857735e+01 -1.48785173e+00 1.28308686e-02 2.36517023e-02
 3.41304159e+01 -1.07177968e+00 -7.49588453e-02 5.44112811e-02
 3.62735030e+01 6.34167113e-01 -5.89654928e-02 8.10403789e-02
 3.78293183e+01 1.19435861e+00 2.70733993e-03 7.95371198e-02
 3.81150186e+01 -6.61849648e-01 2.90948815e-02 1.54301805e-02
 4.15117171e+01 1.15067693e+00 -4.77137211e-02 -5.25936813e-02
 3.95547310e+01 8.25093703e-01 -7.29594153e-02 -1.88714164e-03
 3.91510040e+01 -1.64816147e+00 -6.24859456e-02 3.24623435e-02
 3.85549721e+01 -1.28285127e-01 -4.71703046e-02 8.95540914e-02
 3.53685036e+01 1.01294252e+00 6.16944097e-02 6.04067149e-02
 3.41628665e+01 1.01077359e+00 -8.71626169e-02 5.67049655e-03
 3.67487147e+01 1.50708658e+00 6.16646506e-03 -2.46619972e-02
 4.17765895e+01 1.70593069e-01 -6.45215555e-03 3.08306062e-02
 4.28712961e+01 -1.32257962e-01 -7.74027349e-02 -1.39891132e-02
 3.26718840e+01 1.30386267e+00 -2.09830809e-02 7.78566521e-04
 3.37889004e+01 5.78045347e-02 -9.43076161e-02 -5.40186038e-02
 3.70498498e+01 -3.80901304e-01 -9.42318934e-02 3.47746215e-02
 3.82283948e+01 5.15695473e-01 -1.06905855e-01 4.45137284e-02
 2.96332861e+01 1.25244087e-02 -7.60145026e-02 -9.29939956e-02
 3.61167106e+01 -2.30490456e+00 -9.11366846e-02 -6.97926921e-03
 3.49446716e+01 -3.96007558e-01 -3.69738145e-02 -3.35219332e-02
 3.20808311e+01 1.36512078e-01 -3.13528256e-02 2.09919066e-02
 3.68999698e+01 9.21116150e-01 4.71093702e-03 8.26275153e-02
 4.00275283e+01 -1.03156272e+00 -3.68218167e-02 -5.55432788e-02
 3.65356611e+01 8.22913432e-01 -1.84578366e-02 1.50302641e-01
 3.20466849e+01 6.79996876e-01 -6.50126859e-02 4.27509374e-02
 4.15738966e+01 -1.02156698e+00 -1.08541818e-01 -4.87371893e-02
 3.57738337e+01 -7.59730059e-01 -2.33888288e-02 7.57041571e-02
 3.87863469e+01 5.79902775e-01 -2.07484379e-02 -2.80463265e-02
 3.61075511e+01 1.01778071e+00 -6.39645374e-02 3.06195264e-02
 3.02776999e+01 -5.73201477e-01 2.49258986e-02 9.47452739e-02
 3.88133819e+01 -3.80448057e-01 -4.17372082e-02 5.93233276e-02
 4.12193849e+01 6.17772030e-01 -5.54306468e-02 -2.24567842e-04
 3.27707496e+01 3.11039069e-01 -4.47463735e-02 2.40885275e-02
 3.09585126e+01 -1.03929543e+00 -3.40831833e-02 -1.17651808e-02
 2.92298748e+01 -6.55916779e-01 -9.05027407e-02 1.87954638e-02
 3.74745988e+01 -1.36678986e+00 -1.52214765e-01 8.39276655e-02
 3.96001670e+01 -4.92082397e-02 1.33662794e-02 2.43563013e-02
 3.82278338e+01 -4.64872240e-01 1.37995493e-02 3.67978203e-02
 3.48870319e+01 -2.60591159e+00 -5.30495253e-02 -1.03108111e-03
 4.04947629e+01 7.26664346e-01 -7.96346437e-03 3.75580762e-03
 3.58148967e+01 -8.17789324e-01 -5.87258293e-02 2.89639010e-02
 4.12997214e+01 -2.34502037e+00 -4.41752590e-02 1.59830754e-02
 3.97412564e+01 6.09307512e-01 -4.16297976e-02 -4.52190035e-03
 3.80086376e+01 5.07136382e-01 -7.53034992e-02 -5.20963330e-02
 3.89858346e+01 -3.73804852e-01 5.36377293e-02 8.63242615e-02
 3.47633005e+01 -8.52398421e-01 -8.08548953e-02 3.83026042e-02
 3.03097828e+01 -1.28443608e+00 4.33701637e-02 2.07591063e-02
 3.94974413e+01 -1.39983388e+00 -6.84514597e-02 5.58141636e-02
 3.48759274e+01 -2.61337095e-01 -9.98629375e-02 5.25530807e-03
 3.35566575e+01 9.90215340e-01 -9.25462840e-02 9.40133546e-02
 3.80585622e+01 9.57358239e-01 3.12321782e-02 1.55245266e-02
 3.39211348e+01 -2.07928301e+00 -8.40050016e-02 1.81741316e-02
 4.11931537e+01 -5.45523658e-01 3.44958236e-02 1.04733073e-02
 3.77888488e+01 -5.80741555e-01 -5.19034287e-02 -1.17790020e-02
 4.60914829e+01 2.89786720e+00 -2.15824341e-03 6.03752097e-02
 4.12693822e+01 9.22090437e-01 -3.65257046e-02 8.33831493e-02
 3.79960307e+01 -1.93753152e+00 -6.62470613e-02 9.79636744e-02
 3.89046451e+01 8.63386882e-01 -6.09849494e-02 5.42554025e-02
 3.76618671e+01 1.89812065e+00 -1.25392635e-02 1.15879107e-02
 3.42110335e+01 6.49143098e-01 7.78537797e-02 1.99291447e-02
 3.70673455e+01 -7.08913068e-01 -1.97607248e-02 2.93796882e-02
 4.11438283e+01 -4.66740101e-02 -6.11014461e-04 1.61925779e-02
 3.54319011e+01 7.45990467e-01 -3.49787297e-02 1.27811246e-01
 3.37496764e+01 -8.33225034e-02 -3.16124944e-03 1.05656470e-01
 3.90429647e+01 1.14887374e+00 -2.01383195e-02 3.74998944e-02
 4.23474457e+01 -1.81102765e+00 -9.73475207e-02 7.60214897e-02
 4.00522397e+01 6.21642464e-01 -3.10136601e-02 3.97880381e-02
 3.70364217e+01 -1.13590110e-01 -1.08458880e-01 -2.13251535e-02
 3.25285855e+01 1.45838865e-01 -9.50715941e-02 7.50068502e-02
 3.13944357e+01 2.10193288e-01 -3.75316666e-02 -7.73344278e-03
 3.32895833e+01 -8.76991132e-02 -1.92037342e-02 2.15525285e-02
 3.92038946e+01 3.78881166e-01 -1.01376669e-01 4.97727817e-02
 2.66889743e+01 8.26694531e-01 -3.05501983e-02 8.86406461e-02
 4.32046546e+01 -9.81221014e-02 -4.23873933e-02 1.02434802e-01
 3.19725788e+01 -5.70725387e-01 -6.38208913e-02 6.76173023e-02
 3.50662447e+01 -1.37134189e+00 2.24926861e-02 6.90514057e-02
 3.53606395e+01 8.64087502e-01 6.19547792e-03 1.28289860e-02
 4.45253388e+01 -2.70021086e-01 -1.03351387e-01 5.45634002e-02
 3.01829824e+01 -1.07907384e+00 -8.26706116e-02 4.33617470e-02
 3.64135999e+01 -2.33839530e-01 -1.19076969e-01 3.88808115e-02
 4.12258406e+01 1.19376751e+00 -7.06549468e-02 2.50333244e-02
 3.80149257e+01 -5.56038491e-01 -3.33246361e-02 8.60914404e-02
 3.76525167e+01 -2.42377033e-01 -7.60252599e-02 1.22424553e-01
 4.18195951e+01 5.95597340e-02 -1.41559911e-02 1.35263941e-01
 3.49861362e+01 -2.32583194e-01 -6.52371906e-02 9.72811931e-02
 3.24535354e+01 2.17805551e+00 -1.08771442e-01 8.29753325e-02
 4.20249145e+01 -8.62681792e-01 -3.53280338e-02 1.12801120e-01
 3.41128167e+01 5.10796195e-01 -5.00048783e-02 5.19107174e-02
 3.68680556e+01 -1.72940184e+00 -5.60360691e-03 2.02458445e-02
 3.62622837e+01 -4.27548648e-01 -8.25299097e-02 -5.33669189e-03
 3.60369509e+01 -3.80001110e-01 -2.86214552e-02 -2.60424176e-02
 4.02118216e+01 1.46901664e+00 -5.28043897e-02 4.11425473e-02
 3.53194058e+01 -1.66373749e+00 -5.83698263e-02 6.23289716e-03
 3.97413193e+01 8.19625597e-01 4.66916918e-03 7.49080720e-03
 3.75617966e+01 -1.09189515e+00 -8.07888898e-02 1.33973036e-01
 3.89725854e+01 -3.01207163e+00 -5.49997014e-03 5.76456502e-02
 3.63117927e+01 -3.15185239e-01 2.74726538e-03 4.74909006e-02
 4.17543469e+01 -8.96479542e-01 -9.64993590e-02 6.78715399e-02
 4.24851511e+01 -1.04445736e-01 -4.80423666e-02 -7.68740731e-03
 4.20163203e+01 -7.45049376e-01 -9.89217969e-02 1.24453672e-02
 4.09168348e+01 -2.51477161e-01 -2.40293439e-03 5.10607463e-02
 3.63489397e+01 7.54790071e-01 -4.07601262e-02 1.12131733e-01
 3.89594255e+01 1.01268669e+00 -9.76197638e-02 6.14145894e-03
 3.16948360e+01 3.56010250e-01 -6.52291858e-04 8.12082829e-02
 4.26164333e+01 2.45809455e-01 -1.35236739e-01 -1.31807101e-02
 3.72486941e+01 1.53166891e+00 3.23937810e-02 6.66483392e-03
 4.24010932e+01 7.28536514e-01 -3.99804493e-02 -3.87070622e-02
 4.03654027e+01 1.59686205e+00 5.84408966e-02 -8.10440285e-03
 4.16647125e+01 8.00631682e-01 1.96795409e-02 -6.26534945e-02
 3.85368720e+01 9.21104055e-01 -4.83265102e-02 1.68468521e-02
 3.29501677e+01 -8.71395679e-01 -3.17989282e-02 3.84307547e-02
 3.67390162e+01 -1.05060796e+00 -3.59489555e-03 1.04970404e-01
 2.73458966e+01 -4.02224340e-01 -4.33023964e-02 1.94373974e-02
 3.80776105e+01 -1.05330326e+00 -2.84626129e-02 -5.34296503e-02
 3.43906232e+01 -1.43387831e+00 -7.27787457e-02 2.76186141e-02
 2.90271480e+01 6.36560154e-01 -7.20965342e-02 5.68097614e-02
 4.48904621e+01 -6.21968761e-01 -6.32534311e-02 3.07760984e-02
 3.37246598e+01 -2.30335628e-01 -3.71015093e-02 -3.67802676e-03
 4.19747679e+01 -1.07504490e-01 5.49523144e-03 -9.31136649e-02
 3.41000445e+01 9.81620634e-01 -2.68602973e-02 4.62479979e-02
 3.64029076e+01 2.03065042e-01 -1.25280991e-03 4.83341316e-02
 2.91921697e+01 3.58415650e-01 2.27971010e-02 3.60481217e-03
 3.40399889e+01 3.50833530e-01 -5.19194828e-02 -3.75521497e-02
 3.47757980e+01 1.70873223e-01 -3.88644278e-02 6.04173916e-02
 4.03008550e+01 -8.34635918e-01 3.52078709e-02 -8.99898095e-03
 4.05240542e+01 -1.56878947e-01 -9.27236074e-02 3.26440991e-02
 3.51927610e+01 7.01200968e-01 -2.90440916e-02 6.35877464e-02
 3.71475780e+01 3.29449731e-01 -1.22016670e-01 7.02241191e-02
 4.59339326e+01 -7.19361303e-01 -5.05098841e-02 -4.03442281e-02
 3.19350065e+01 1.41242041e+00 -1.12778760e-01 4.16680768e-02
 3.37648726e+01 -1.00908739e+00 -3.27846437e-02 6.14978601e-02
 3.72518521e+01 -1.97578914e-01 -2.65502305e-02 6.62152289e-02
 3.83421070e+01 3.50615482e-01 -7.66495302e-02 4.07085104e-02
 4.24808976e+01 -1.25048095e+00 -8.71124322e-02 -9.56910120e-03
 3.52405145e+01 -8.73536487e-01 -7.72280636e-02 1.03244182e-01
 3.79122605e+01 -4.59103414e-01 5.91242169e-02 1.59475003e-02
 4.25830467e+01 -5.72797466e-02 1.43140524e-03 4.12941640e-02
 3.60532191e+01 2.02385987e-01 -6.41836999e-02 2.02944962e-02
 3.80815426e+01 5.47437459e-02 -5.84913765e-02 7.37723098e-02
 3.89441863e+01 -7.75064479e-01 -1.06767922e-01 7.08321692e-02
 4.17879750e+01 1.67833395e+00 -3.01752990e-02 -4.73640497e-02
 4.20928859e+01 7.03662739e-01 -1.50084612e-02 4.00951194e-02
 3.27289850e+01 -1.01604561e+00 -1.14330567e-01 6.52804724e-02
 4.32284205e+01 -4.41646213e-01 -7.09125179e-02 8.87793993e-02
 3.33530501e+01 -4.95774771e-01 2.34798431e-02 6.15623568e-02
 4.55060765e+01 -4.53586966e-01 3.24111843e-02 3.04031788e-02
 4.10106311e+01 2.27502216e-01 -4.92284095e-02 5.89022710e-02
 3.58699295e+01 5.60494478e-01 9.71785359e-02 5.60216133e-02
 3.96001098e+01 1.51151287e+00 -6.80339820e-02 -2.09392016e-02
 3.76182406e+01 -2.19002489e-01 7.17160882e-03 -2.52636410e-02
 3.72433748e+01 -2.19159482e-01 -6.37742829e-02 -3.11130633e-02
 3.53966192e+01 1.66792054e+00 -5.84262145e-02 -1.17789334e-02
 3.82148331e+01 1.10820145e-01 -8.89228912e-02 4.56583849e-02
 3.48721802e+01 -3.41083876e-01 -6.27540944e-02 8.33070463e-02
 3.64449121e+01 5.10372490e-01 -1.06607941e-02 3.39975425e-03
 3.23593218e+01 1.95653812e-01 -6.41419906e-02 1.88074979e-02
 3.81724053e+01 3.28061745e-01 -5.35583202e-02 7.59130878e-02
 3.28323688e+01 -9.16071553e-01 -9.39149773e-02 -2.27840368e-02
 4.02781458e+01 2.52127257e+00 -1.89303299e-02 7.76160677e-02
 4.75598644e+01 2.16857685e+00 -9.05794363e-02 -1.12563398e-02
 4.20561256e+01 -1.88134773e-01 -4.83694026e-02 4.22686290e-02
 3.46135983e+01 -6.15046262e-01 -8.21825840e-02 -3.90989293e-02
 3.97645259e+01 -8.95707527e-01 -8.78555433e-02 1.26752845e-02
 2.49184274e+01 -1.51459830e-01 4.46912465e-02 -6.64143859e-02
 3.90346663e+01 -1.37727901e+00 -9.31456065e-02 7.38395798e-02
 4.05333931e+01 -1.44840709e+00 -1.78113785e-02 4.33931161e-02
 3.28745642e+01 -1.38654558e+00 -9.79574891e-02 2.49073950e-02
 3.84696223e+01 4.29283022e-01 -3.54272415e-02 8.44286692e-03
 3.51340465e+01 1.18352905e+00 -7.83420711e-02 5.58427872e-02
 3.37446886e+01 1.90142735e-01 -1.27513179e-02 3.13019476e-02
 3.87382478e+01 4.60180103e-01 1.01007129e-01 -4.51898587e-02
 4.07049149e+01 1.04049264e+00 -3.68027508e-02 3.42218891e-02
 3.51534488e+01 4.97584228e-02 -1.21622664e-01 8.91673113e-04
 3.27544044e+01 3.58313581e-01 -9.40748681e-04 3.11139549e-02
 4.04600734e+01 5.86930119e-01 -9.10736166e-02 4.72687414e-02
 3.18803046e+01 -8.09211306e-01 1.53161617e-03 4.03309210e-02
 4.41572674e+01 1.10331924e+00 -1.01943549e-01 1.35136995e-02
 3.45712926e+01 -6.34397197e-01 -7.58390650e-02 5.26225438e-03
 3.42151654e+01 -3.34824516e-01 -3.77844220e-02 1.31440405e-02
 4.01676483e+01 -2.82596398e-01 -9.11767734e-02 7.02157461e-02
 4.74476740e+01 2.73169328e-01 5.61511197e-02 4.85483773e-02
 3.37648407e+01 -7.79791170e-01 -1.52241838e-01 8.81068949e-02
