 3.11793343e+01 7.34282539e-01 1.04322841e-01 1.42540891e-01
 2.68400906e+01 6.64111556e-01 9.23556547e-02 2.29765732e-01
 3.52339095e+01 -2.64855184e-02 9.48745193e-02 2.34834300e-01
 2.97643479e+01 4.55093617e-01 1.06329329e-01 2.65385536e-01
 3.21972550e+01 -4.40746379e-01 1.57705689e-01 2.49792750e-01
 3.17055985e+01 3.06480869e+00 4.28865812e-02 2.21521318e-01
 3.49232750e+01 -4.81661220e-01 7.65184475e-02 1.82576357e-01
 3.13188840e+01 -5.73424720e-01 1.81617914e-01 2.34460720e-01
 2.98343243e+01 -4.95512965e-01 5.07366218e-02 1.64193357e-01
 3.05286877e+01 -1.69967617e-01 1.97966315e-01 2.63876460e-01
 2.85787292e+01 -6.28566699e-02 1.29110562e-01 1.77296685e-01
 2.51536923e+01 1.12834669e+00 1.33379399e-01 1.80430927e-01
 3.39201025e+01 1.68967997e-01 1.04884951e-01 1.83486290e-01
 3.52216033e+01 5.69835747e-01 1.54780490e-01 2.42428320e-01
 3.01847882e+01 1.09288174e+00 6.60921446e-02 2.42064407e-01
 3.31062972e+01 5.07140226e-01 1.21887689e-01 1.37444556e-01
 3.53183188e+01 7.63450685e-02 1.27538582e-01 1.89872859e-01
 3.64076968e+01 -8.77995775e-01 8.91349337e-02 1.84222204e-01
 3.47565591e+01 1.86379894e+00 1.06516951e-01 1.28758015e-01
 3.07928973e+01 2.61092594e+00 1.01235421e-01 1.60940017e-01
 3.34567980e+01 1.14686139e-01 1.66673992e-01 1.86679395e-01
 2.75439379e+01 -5.83456202e-01 3.13420293e-03 1.67215892e-01
 3.28816580e+01 -3.86278645e-01 1.76696104e-01 1.94545427e-01
 3.57739388e+01 -2.60953131e-01 8.01819005e-02 2.53127581e-01
 3.03984504e+01 -3.52948982e-01 7.89679928e-02 2.46448103e-01
 3.52535339e+01 7.76388670e-01 1.62125057e-01 2.04399360e-01
 3.66357889e+01 6.80373426e-01 1.43675848e-01 1.52796090e-01
 3.77668054e+01 3.82924832e-01 6.69135802e-02 1.86440638e-01
 3.52530418e+01 1.37945722e-01 -9.16234873e-03 2.16532156e-01
 2.81485324e+01 4.03787176e-01 1.53773930e-01 2.73184651e-01
 3.72652054e+01 -1.27198032e+00 9.25714681e-02 2.26359478e-01
 2.22816618e+01 4.61422961e-01 1.57599756e-01 2.16614710e-01
 2.88461695e+01 -1.86125467e+00 1.66047272e-01 2.17613033e-01
 3.60014606e+01 4.55091701e-01 1.25987761e-01 2.23407283e-01
 2.87144114e+01 -6.95503053e-01 2.86274153e-01 1.94060484e-01
 3.04946770e+01 2.50134692e-01 1.58799041e-01 2.13047680e-01
 3.24913412e+01 1.62422326e+00 1.77273205e-01 2.66319694e-01
 2.84484358e+01 1.24045717e+00 7.19807970e-02 1.91222567e-01
 2.88412747e+01 1.71155398e+00 1.62025306e-01 1.54181434e-01
 3.27685751e+01 1.84362020e-01 1.16677269e-01 2.39217947e-01
 3.12450381e+01 1.40964098e+00 1.19769946e-01 1.36423509e-01
 3.29966682e+01 1.84269043e+00 5.23685404e-02 2.75622054e-01
 3.69556230e+01 9.11822748e-01 1.37997894e-01 1.92194013e-01
 2.85618300e+01 1.24876993e+00 1.64848495e-01 1.85767764e-01
 2.69296978e+01 -1.07832377e-01 1.67262672e-01 2.61347895e-01
 3.11115081e+01 -7.21155320e-01 1.82455279e-01 2.17963379e-01
 3.59829822e+01 1.38930760e+00 1.42074950e-01 3.13618873e-01
 4.00030469e+01 2.85408291e+00 1.63140875e-01 2.56787018e-01
 2.69050010e+01 5.94217855e-03 1.21584253e-01 1.77031779e-01
 2.51299424e+01 -5.78235595e-01 1.70606027e-01 2.24870413e-01
 4.09169245e+01 1.28565258e+00 6.90760442e-02 2.26069878e-01
 3.20247834e+01 -8.68331237e-01 1.83752689e-01 1.22266937e-01
 3.08062870e+01 -5.97800114e-01 1.72426177e-01 2.96902740e-01
 3.39371662e+01 -1.88711583e-01 1.17348931e-01 2.08531647e-01
 3.83175960e+01 3.61935938e-01 4.69671891e-02 2.74173733e-01
 3.23919484e+01 -1.06488993e+00 1.29020899e-01 1.24258527e-01
 4.10281280e+01 2.84344376e+00 1.18829329e-01 2.88368637e-01
 3.04902352e+01 1.75389055e+00 6.06421703e-02 2.46585852e-01
 3.21649730e+01 -5.84022204e-02 1.56215955e-01 2.27542466e-01
 3.51378739e+01 -1.00585786e-01 1.14885871e-01 2.37825767e-01
 3.36407138e+01 1.89245785e+00 9.72119026e-02 2.55339348e-01
 2.85390692e+01 9.82573119e-01 1.93953770e-01 1.39766456e-01
 3.08504613e+01 2.81834000e+00 1.41630312e-01 1.93936937e-01
 3.53379957e+01 9.66461745e-01 1.10650826e-01 2.11438176e-01
 3.31887728e+01 1.90414636e-01 7.81616537e-02 2.35816926e-01
 3.53464020e+01 -1.04011055e+00 1.68499746e-01 1.94127911e-01
 2.29424541e+01 -4.86229021e-01 1.08254862e-01 2.63138522e-01
 3.42451106e+01 6.96313793e-01 1.48842571e-01 2.14878128e-01
 2.99757445e+01 -2.93032784e-01 1.65224723e-01 2.32451708e-01
 3.63668254e+01 2.09664246e+00 1.73916313e-01 1.42187612e-01
 4.35516741e+01 1.55044829e+00 7.86647994e-02 2.24849376e-01
 3.29222418e+01 3.86383838e-01 1.34043323e-01 2.27873165e-01
 3.20698994e+01 -4.01663631e-01 2.19852718e-01 2.44229937e-01
 3.18132801e+01 2.37351163e-01 1.72675605e-01 1.56356020e-01
 3.60427244e+01 2.76286267e+00 1.05902594e-01 1.97392637e-01
 3.35883138e+01 7.96409190e-01 1.78617014e-01 2.16378158e-01
 3.57341779e+01 2.11648468e+00 1.65621450e-01 2.47362185e-01
 3.51619433e+01 1.11609428e+00 1.59252811e-01 1.13218223e-01
 3.36157201e+01 6.95892492e-01 1.20458877e-01 2.09625682e-01
 3.32076055e+01 2.19942030e+00 2.00905950e-01 2.87258507e-01
 4.27152589e+01 1.55773161e-01 1.73595954e-01 2.39874341e-01
 3.49460537e+01 4.95591335e-01 1.06732337e-01 1.95093476e-01
 3.08445244e+01 1.71594838e+00 1.96692092e-01 1.51898917e-01
 4.00446615e+01 -2.37022548e-01 1.57153547e-01 1.46976385e-01
 3.33692206e+01 9.13632540e-01 1.80868320e-01 2.06524103e-01
 3.21051389e+01 8.03020910e-01 2.24266843e-01 2.24080915e-01
 2.70335961e+01 3.45492286e-01 1.61629015e-01 1.90925367e-01
 2.68317046e+01 1.44506026e+00 1.62478579e-01 3.01846002e-01
 2.79765034e+01 1.51901373e+00 1.93265581e-01 1.95358217e-01
 3.03699204e+01 1.03713623e+00 1.60256218e-01 2.34359134e-01
 3.04451241e+01 5.74015733e-02 1.63754276e-01 2.85463083e-01
 3.25797785e+01 1.53187490e-01 1.89915466e-01 1.98819546e-01
 3.15890251e+01 1.32165974e+00 1.43525923e-01 1.65157253e-01
 3.45540133e+01 1.40039247e-01 7.84151406e-02 2.64296954e-01
 2.98890161e+01 -1.65244284e-01 1.23609182e-01 3.34008256e-01
 3.20313365e+01 9.53291076e-01 1.39436250e-01 2.34362501e-01
 3.14625618e+01 3.38304631e-01 1.80103083e-01 2.87635345e-01
 2.66239577e+01 5.65023641e-01 1.68795517e-01 2.01960522e-01
 4.39018597e+01 -4.40403601e-01 2.27997365e-02 1.92834985e-01
 2.87792737e+01 2.53481033e-01 1.70383239e-01 1.46228804e-01
 3.52101856e+01 4.09247824e-01 1.59290918e-01 1.93261733e-01
 3.03749593e+01 8.54432276e-01 1.72531837e-01 2.43774854e-01
 4.08738190e+01 1.11628092e+00 5.28676469e-02 1.92179738e-01
 2.90255431e+01 1.14523716e+00 1.68820925e-01 1.79449843e-01
 3.90169736e+01 1.27095740e+00 1.53394119e-01 2.91581316e-01
 3.09754965e+01 -1.10595591e+00 8.32471877e-02 2.82574998e-01
 3.60521058e+01 2.34863236e+00 1.78400566e-01 1.57652866e-01
 3.77955721e+01 1.20362647e+00 1.92464818e-01 1.91444153e-01
 2.95913210e+01 -6.33367315e-01 1.67184075e-01 2.16515214e-01
 3.28630760e+01 1.91483607e-02 1.14855730e-01 2.00547514e-01
 3.55673302e+01 6.56758183e-01 9.45677942e-02 2.05120365e-01
 3.96586670e+01 7.04634474e-01 1.80544332e-01 2.44582293e-01
 3.67624410e+01 -1.17119343e+00 1.65641494e-01 3.24617725e-01
 3.89283510e+01 -3.79875990e-01 1.13656122e-01 2.56169359e-01
 3.76312947e+01 -5.61514280e-01 1.65271846e-01 1.99288235e-01
 3.03789057e+01 -1.79492571e+00 1.61736340e-01 1.81379840e-01
 2.45733366e+01 2.38288813e-01 1.01546886e-01 2.01983668e-01
 2.95346318e+01 2.95816164e-02 1.33526795e-01 2.43370862e-01
 3.04576830e+01 9.36275235e-01 1.86850706e-01 2.51584728e-01
 3.35948678e+01 4.32259336e-01 1.73809190e-01 1.96845480e-01
 3.68339209e+01 -3.53223361e-01 1.64199304e-01 1.14433721e-01
 3.22703914e+01 -4.01008800e-01 1.98814769e-01 2.53966395e-01
 3.91019768e+01 1.05142795e+00 1.77409860e-01 2.41639847e-01
 3.26304861e+01 1.07303055e+00 1.63106470e-01 2.31722578e-01
 3.80195007e+01 3.93090447e-01 1.19312742e-01 1.96945829e-01
 2.99208669e+01 9.13094930e-02 1.78759443e-01 1.07375626e-01
 2.32506119e+01 1.88979092e+00 7.05966029e-02 2.93850355e-01
 4.25321897e+01 -9.59389176e-02 1.84041313e-01 2.02222932e-01
 2.77359628e+01 3.49407755e-01 2.01824443e-01 1.63261236e-01
 3.35186222e+01 1.37946908e+00 4.49872376e-02 2.20392953e-01
 3.76750931e+01 4.50638700e-01 1.55090859e-01 1.92430771e-01
 3.37328069e+01 -5.97447527e-01 2.51224675e-01 1.35976467e-01
 2.99633820e+01 -2.46554264e+00 8.21077826e-02 1.44670179e-01
 3.78500216e+01 2.36482949e-02 7.60860610e-02 2.55088716e-01
 3.57168698e+01 1.57936677e-01 8.63946068e-02 1.72480207e-01
 4.73227623e+01 5.03563126e-01 1.46914046e-01 2.73584366e-01
 2.80557280e+01 4.62744753e-01 8.31288036e-02 2.57299161e-01
 3.40134729e+01 2.66759151e+00 1.48716904e-01 1.77083813e-01
 3.31691761e+01 -1.56439676e+00 1.23681543e-01 2.19024192e-01
 3.54572874e+01 -7.78960778e-01 8.91694739e-02 2.66718572e-01
 3.95266235e+01 1.79362199e+00 1.44129711e-01 2.97282529e-01
 4.14226382e+01 4.07863826e-01 2.24496913e-01 1.98045784e-01
 3.68083736e+01 -2.54683100e+00 1.97996134e-01 1.39675550e-01
 2.98126792e+01 2.88016413e+00 1.25424809e-01 3.52980160e-01
 3.44731832e+01 -6.36477937e-01 1.09694414e-01 2.22088713e-01
 3.54993839e+01 1.39668954e+00 6.39041125e-02 1.44032459e-01
 4.07897617e+01 -1.58957782e+00 1.02328925e-01 2.81837568e-01
 3.49640148e+01 1.17592189e+00 3.62462545e-02 1.58364141e-01
 2.94935859e+01 -3.31977855e-01 1.11414080e-01 1.99536538e-01
 3.10352534e+01 1.40906483e+00 1.47978382e-01 2.24004094e-01
 3.76506753e+01 4.58249904e-01 2.06360840e-01 1.88439235e-01
 3.43779372e+01 -1.91813969e+00 1.59091878e-01 1.27900658e-01
 3.97459202e+01 -9.79662973e-01 1.53385317e-01 2.48444922e-01
 3.30390547e+01 1.82137753e+00 2.18012873e-01 1.59111774e-01
 3.59761645e+01 3.32272486e-01 2.14606373e-01 2.16879696e-01
 3.39105641e+01 5.82513225e-01 1.52399786e-01 2.03868673e-01
 3.83844469e+01 1.32948469e+00 1.13027673e-01 1.81918607e-01
 3.37276403e+01 6.23722851e-02 1.13093560e-01 1.84094214e-01
 4.68518707e+01 1.42491159e+00 1.83473132e-01 2.98380939e-01
 3.85199138e+01 1.64605769e+00 6.89332684e-02 2.87301427e-01
 3.57991467e+01 8.74643446e-01 1.19805321e-01 1.31411192e-01
 3.02182503e+01 1.36931403e+00 1.01043926e-01 1.95518618e-01
 3.15952444e+01 -1.75880781e+00 1.41533951e-01 1.52919782e-01
 3.42083643e+01 4.78058369e-01 2.66101267e-02 1.92605991e-01
 3.57274764e+01 2.84500799e-01 7.46242773e-02 1.67885971e-01
 3.30889057e+01 3.23689223e-01 9.40532551e-02 2.07910198e-01
 3.49012146e+01 5.80863910e-02 6.49526242e-02 2.71310442e-01
 3.96342385e+01 6.04749624e-01 2.14582652e-02 1.73687360e-01
 3.60121971e+01 5.81475201e-01 1.47105597e-01 2.53888422e-01
 3.61851508e+01 8.92084915e-01 1.47857400e-01 2.26509308e-01
 3.60929420e+01 -1.31878379e+00 5.93296979e-02 1.43272716e-01
 4.04232522e+01 -2.47532684e+00 2.06362341e-01 2.16066315e-01
 3.77226716e+01 5.45027349e-01 5.81499328e-02 7.19009646e-02
 4.16308885e+01 1.57565739e+00 1.35661069e-01 2.19546091e-01
 3.48096355e+01 3.83118056e-01 9.86466341e-02 2.18819225e-01
 3.28056984e+01 5.29110846e-01 1.01683137e-01 2.65336144e-01
 3.26938528e+01 2.41370036e-02 9.42939666e-02 1.64863198e-01
 3.90933030e+01 -1.17311579e-01 1.97952595e-02 2.38831027e-01
 3.05742787e+01 1.79323081e-01 6.50302592e-02 1.46722108e-01
 3.32799077e+01 5.24338132e-01 8.95300916e-02 2.41363067e-01
 3.05980243e+01 1.09835922e+00 -5.49135063e-03 2.27417452e-01
 3.89655514e+01 1.04963828e+00 1.27340866e-01 2.90923236e-01
 3.36918226e+01 2.15909119e+00 1.04128969e-01 2.10180400e-01
 3.36903788e+01 2.16104522e-01 6.40352223e-02 1.16282991e-01
 4.08520627e+01 6.24767807e-01 1.15128847e-01 1.99178055e-01
 3.84725729e+01 2.41574355e-01 2.96865520e-02 1.14327476e-01
 3.49840376e+01 -1.43741580e+00 1.32929329e-01 2.36544134e-01
 2.50821666e+01 3.01699293e-01 8.31209480e-02 1.70985166e-01
 3.03613978e+01 1.75985375e+00 1.13489524e-01 2.27373251e-01
 3.63871119e+01 -1.10442726e+00 5.16926246e-02 2.12318152e-01
 3.71147819e+01 -2.85302888e-01 1.64648884e-01 2.37642659e-01
 3.53186611e+01 8.60569045e-01 1.52043666e-01 2.82586295e-01
 3.33722961e+01 3.44975630e-01 8.94454501e-02 2.01158875e-01
 3.87893421e+01 -5.25972375e-01 2.95740870e-02 1.78547159e-01
 3.67740578e+01 1.38680369e-01 2.05529608e-01 1.59673188e-01
 4.08701986e+01 5.27203101e-01 9.03428259e-02 1.19871148e-01
 3.70740590e+01 -1.38277548e+00 1.03131655e-01 1.80227856e-01
 3.93759203e+01 -1.43903177e+00 1.05320487e-01 2.67351841e-01
 3.85969772e+01 8.49994976e-01 7.63112778e-02 2.18640658e-01
 3.54548063e+01 1.09275586e+00 3.85985633e-02 1.93995395e-01
 2.56239394e+01 -7.22371692e-01 9.52967836e-02 2.54336642e-01
 3.99072816e+01 -1.01485898e+00 1.18017130e-01 1.26352400e-01
 3.43844926e+01 1.79183187e+00 9.26262101e-02 1.99930322e-01
 4.00855640e+01 1.51638012e+00 6.28911732e-02 1.96531922e-01
 3.75429617e+01 3.69497197e-01 8.29723401e-02 2.15560582e-01
 4.43827396e+01 2.93967972e+00 6.58684205e-02 2.46648270e-01
 3.88356391e+01 5.87270812e-01 6.15120638e-02 2.34798577e-01
 4.05597956e+01 8.22367011e-02 1.54575840e-01 1.74837192e-01
 3.81283001e+01 3.28067996e-01 1.27411262e-01 2.41435852e-01
 3.95049513e+01 5.15710446e-01 1.44406308e-01 1.12532136e-01
 4.06818187e+01 -1.63962754e+00 1.94908695e-01 1.90562367e-01
 3.82011270e+01 -8.18076093e-01 7.46671482e-02 2.41170243e-01
 3.26553722e+01 -1.10805278e+00 1.37430624e-01 1.57204704e-01
 3.43482778e+01 2.21407694e+00 2.20091206e-01 1.64192829e-01
 3.65096076e+01 -1.00677125e-01 5.27656357e-03 1.74130496e-01
 3.61283020e+01 5.08208358e-01 7.91448804e-02 2.26548027e-01
 4.09530269e+01 4.79742030e-01 1.27540185e-01 1.54195009e-01
 4.21880941e+01 -1.65358423e+00 6.15353714e-02 2.00219649e-01
 3.35940430e+01 1.06794228e+00 1.32415783e-01 1.47204541e-01
 3.03081899e+01 1.89941735e+00 1.43303839e-01 2.58589192e-01
 3.59979094e+01 -5.31696093e-01 1.26177676e-01 1.84988551e-01
 3.15568255e+01 2.05358880e+00 7.89608829e-02 1.49437712e-01
 3.26608353e+01 9.33515404e-01 7.57252856e-02 1.09875198e-01
 3.66720261e+01 5.08876552e-01 9.39991315e-02 2.34989191e-01
 3.48747079e+01 -5.67625856e-01 1.51235516e-01 1.35598982e-01
 3.65613071e+01 1.14631374e+00 1.38556007e-01 1.79189447e-01
 3.13467206e+01 7.79901449e-01 3.45106757e-02 1.92759419e-01
 4.20419563e+01 1.55504554e+00 6.51807721e-02 2.83328984e-01
 4.21949777e+01 -1.31580637e+00 8.67828957e-02 1.27432773e-01
 4.05664096e+01 9.17364898e-01 1.23191704e-01 2.29322585e-01
 2.93583171e+01 1.12268947e+00 1.02989086e-01 1.62946159e-01
 4.18152736e+01 9.39122386e-01 5.91528525e-02 1.49084578e-01
 3.89733284e+01 -1.25072123e+00 8.29621869e-02 1.86900540e-01
 2.92373345e+01 5.32537502e-01 8.96573641e-02 2.35074197e-01
 3.29380590e+01 2.47467685e+00 1.51169143e-01 1.42365557e-01
 3.37001470e+01 9.79617812e-01 8.76714469e-02 1.65476803e-01
 2.98657674e+01 7.82767085e-01 6.21872904e-02 1.59627198e-01
 4.02851699e+01 5.43821312e-01 1.43416290e-01 1.31459695e-01
 3.20760866e+01 3.35828545e-01 1.09405223e-01 2.20917615e-01
 4.55800278e+01 -6.94073564e-01 1.22702886e-01 1.81240921e-01
 3.22125269e+01 1.10744481e+00 1.41030070e-01 1.79839886e-01
 3.32647952e+01 5.71925138e-01 1.36294935e-01 2.24832675e-01
 3.91850251e+01 4.37512241e-01 1.98046850e-01 2.95839287e-01
 2.91041813e+01 -5.16584292e-01 7.38022428e-02 1.05416087e-01
 3.87333691e+01 -7.43397735e-01 6.48952882e-02 1.27169031e-01
 3.46422381e+01 -2.24986427e+00 5.43929688e-02 1.49951117e-01
 3.28352492e+01 3.41305074e-02 -5.12115136e-03 1.97785203e-01
 3.67831331e+01 8.37565565e-01 1.12200885e-01 2.15441396e-01
 4.48496722e+01 2.10151401e-02 5.68669463e-02 1.60312430e-01
 4.69714740e+01 5.06066197e-01 9.09264807e-02 1.80484336e-01
 4.24206805e+01 -9.50012569e-03 1.85068130e-01 2.22042059e-01
 2.90760728e+01 -4.11138084e-01 9.23856887e-02 2.20566679e-01
 3.33247302e+01 1.26958610e-01 1.04750962e-01 1.38332304e-01
 3.98926048e+01 4.06990562e-01 1.81997924e-01 1.97509427e-01
 3.45323292e+01 -7.42225720e-02 1.85823013e-02 2.22429161e-01
 3.16476996e+01 1.08252530e+00 -2.96044392e-02 2.21549853e-01
 3.61686274e+01 3.59894286e-02 7.93598612e-02 1.83435531e-01
 4.31197300e+01 4.07056746e-01 1.23112630e-01 1.01077972e-01
 2.43372375e+01 9.38077496e-01 9.59854259e-02 1.33037116e-01
 4.70937219e+01 4.68020309e-01 1.66711129e-01 1.80936230e-01
 3.93173510e+01 -2.24991311e-01 8.81487136e-02 1.68616109e-01
 3.65297398e+01 -2.73265031e-01 7.01237691e-02 3.58958047e-02
 3.93867530e+01 1.95459411e+00 1.61717829e-01 1.82060339e-01
 4.01662054e+01 6.13967076e-01 1.32071304e-01 1.47838096e-01
 3.47422740e+01 3.73404670e-01 1.32734630e-01 1.97123918e-01
 3.62107617e+01 -4.94550012e-01 1.32571914e-01 2.02598780e-01
 3.65253667e+01 -1.71996652e+00 1.11595362e-01 2.63470854e-01
 4.13782605e+01 8.00809232e-01 1.37323535e-01 1.51402396e-01
 3.67231276e+01 -2.48856981e-01 1.62154927e-01 1.59152272e-01
 3.55223827e+01 5.52668725e-01 1.64015848e-01 2.96945169e-01
 3.48504588e+01 -9.00933469e-01 1.45342571e-01 2.04838975e-01
 4.12935818e+01 8.44281217e-01 1.48925044e-01 1.16572430e-01
 3.94927739e+01 9.21058893e-01 7.45373828e-02 1.72387930e-01
 3.60354577e+01 6.96599294e-01 2.44402667e-01 1.67977328e-01
 2.94141638e+01 4.23102406e-01 6.91390765e-02 2.56178410e-01
 3.70813168e+01 2.38046575e+00 2.21244103e-01 1.64882379e-01
 4.29728260e+01 1.68265220e+00 1.53458867e-01 1.83028580e-01
 3.02640091e+01 2.49177775e-02 7.31493250e-02 2.06931936e-01
 3.81397371e+01 2.14454415e+00 1.34620492e-01 1.32074439e-01
 3.25689496e+01 1.60471190e-01 1.09447425e-01 2.08197915e-01
 4.04933071e+01 -2.12315196e+00 6.74941569e-02 1.97880655e-01
 3.44512042e+01 6.60360104e-01 2.00628910e-01 1.88286821e-01
 3.37389404e+01 -5.66465383e-01 3.14168322e-02 1.80438711e-01
 3.35539617e+01 -7.70149060e-01 1.58489862e-01 2.24399610e-01
 3.53846852e+01 1.28675654e+00 1.23375112e-01 1.45933250e-01
 3.33274081e+01 4.79949288e-01 4.63752443e-02 3.02439011e-01
 3.78497214e+01 1.45104157e+00 8.35241919e-02 1.39592551e-01
 4.10461372e+01 -2.02864344e+00 2.09388494e-01 1.08282603e-01
 3.56715573e+01 5.94459034e-01 1.77135241e-01 2.27976003e-01
 2.78196984e+01 -2.35410356e+00 6.87552958e-02 2.21244235e-01
 4.43033800e+01 4.56049931e-01 1.54558647e-01 1.42801807e-01
 2.91911749e+01 1.18135187e+00 1.63619851e-01 1.78724158e-01
 4.01093814e+01 -9.23994526e-01 7.67419078e-02 1.81494367e-01
 4.15374491e+01 9.63308081e-01 4.88447565e-02 1.76150065e-01
 3.57794114e+01 -1.33840874e+00 8.76463334e-02 1.30070374e-01
 3.70058350e+01 -2.08724713e-01 1.76510152e-01 1.79436270e-01
 3.98139773e+01 -4.78344317e-01 1.84132972e-01 2.12123138e-01
 3.47194202e+01 6.07490779e-01 8.33492897e-02 9.68358884e-02
 3.67459718e+01 -4.04279180e-01 9.96297542e-02 3.00816337e-01
 3.92029342e+01 -2.92251881e-01 1.44392871e-01 2.06048461e-01
 3.69712816e+01 -1.64902296e+00 1.24368117e-01 1.54980837e-01
 3.40162613e+01 -3.81076173e-01 1.26748760e-01 1.31142486e-01
 3.44776265e+01 1.98912464e+00 1.21910114e-01 1.36244434e-01
 3.71800515e+01 5.70059921e-01 1.13305756e-01 1.61240206e-01
 4.15115741e+01 4.18797282e-01 1.39743937e-01 2.22418484e-01
 3.42070782e+01 7.12313554e-01 1.27461782e-01 2.41605180e-01
 3.76498936e+01 8.53248359e-01 2.59516890e-02 1.82848995e-01
 4.26257728e+01 6.60871732e-02 1.07695442e-01 1.67247304e-01
 4.15177361e+01 1.14241194e+00 1.12933378e-01 2.21116710e-01
 2.71720987e+01 -8.03122717e-01 1.36314183e-01 1.41804979e-01
 4.05223610e+01 -1.28283109e-01 5.11866400e-02 2.12585124e-01
 3.96569730e+01 4.43857888e-02 2.31132580e-01 9.88666355e-02
 4.02054131e+01 -1.45809373e+00 1.77314187e-01 1.86535866e-01
 3.83569386e+01 9.15620201e-01 2.35928785e-01 1.75297455e-01
 4.29462854e+01 1.20850292e+00 1.11555439e-01 1.57066164e-01
 3.99314993e+01 6.18347267e-01 1.32833226e-01 1.77528007e-01
 3.84490552e+01 1.89679848e+00 4.00634061e-02 1.48147596e-01
 4.00345519e+01 -2.82216291e-01 8.04366184e-02 2.22594186e-01
 3.81055200e+01 1.21913679e+00 1.88448566e-01 2.45295644e-01
 3.55790792e+01 -2.80003955e-01 1.48715204e-01 9.88945768e-02
 3.52631565e+01 1.43327838e+00 1.46793258e-01 1.43630220e-01
 4.00441389e+01 1.87730367e+00 1.84063097e-01 1.21545160e-01
 3.65469773e+01 -3.84980784e-01 1.35161507e-01 2.04268550e-01
 3.57559763e+01 2.46315495e-01 6.49612241e-02 1.82410210e-01
 3.83388399e+01 5.41057016e-01 1.26407311e-01 1.21976485e-01
 3.72471709e+01 4.37339556e-01 9.60912012e-02 2.09605828e-01
 3.42652309e+01 7.87466856e-01 1.24926578e-01 1.53229863e-01
 3.41965441e+01 -1.34023176e-01 1.55093778e-01 1.96741187e-01
 3.44481398e+01 -1.12849156e-01 1.13048810e-01 1.71744863e-01
 3.68150887e+01 9.95181328e-01 8.81869024e-02 2.21682010e-01
 4.48341360e+01 1.53531588e+00 9.62891047e-02 1.76568859e-01
 3.76058390e+01 8.59685562e-01 9.85590435e-02 1.84328104e-01
 3.57620961e+01 4.66793924e-01 7.41425262e-02 1.35341222e-01
 3.34439355e+01 2.64930992e+00 1.69902914e-01 2.27107066e-01
 4.03928074e+01 6.40465104e-01 3.73838961e-02 1.03010477e-01
 3.93389940e+01 1.63372517e+00 1.25534912e-01 2.40377980e-01
 3.67044198e+01 -5.46067663e-01 7.09144259e-02 1.85258164e-01
 3.70311723e+01 -6.27581840e-01 1.33463996e-01 2.32454277e-01
 3.85695595e+01 -5.11756008e-01 1.01675904e-01 1.58922695e-01
 4.45500473e+01 -1.62885567e-01 6.48072277e-02 1.54013185e-01
 3.59410643e+01 7.01034916e-01 8.15658899e-02 2.41709597e-01
 4.67964565e+01 3.46059821e-01 1.47981863e-01 1.05050283e-01
 4.08778863e+01 -1.38953635e+00 2.85462303e-02 2.59225127e-01
 3.73368382e+01 7.42845823e-02 6.71605466e-02 1.90375462e-01
 4.11647047e+01 3.49279473e-01 2.78880343e-03 1.17263019e-01
 4.15729716e+01 1.40684322e+00 6.33418185e-02 1.25995053e-01
 3.40672749e+01 1.09997245e+00 2.29153985e-01 1.43913465e-01
 3.55525102e+01 1.81959622e+00 9.39430072e-02 1.96141922e-01
 3.84444629e+01 1.25848178e+00 1.06329894e-01 1.75029618e-01
 3.52519917e+01 -1.13225837e+00 1.68624339e-01 2.27736042e-01
 3.45352749e+01 2.57659634e-01 2.46745803e-02 1.48881425e-01
 3.23074983e+01 2.21686461e+00 5.18826565e-02 1.96503810e-01
 3.67797002e+01 -7.86607134e-01 1.91242068e-01 1.67225119e-01
 3.94683514e+01 4.23371715e-02 8.64207472e-02 1.59734788e-01
 3.34280469e+01 2.44106062e+00 8.86984021e-02 2.53778487e-01
 3.86221882e+01 4.32992733e-01 9.03626832e-02 1.23973845e-01
 3.89159538e+01 2.50626340e+00 5.05733049e-02 1.66685690e-01
 3.89097081e+01 -2.16934418e+00 7.15482436e-02 2.08909760e-01
 2.86298491e+01 -5.56304928e-01 2.07426663e-01 1.38112742e-01
 2.99850829e+01 1.25347694e+00 9.18992474e-02 1.73687189e-01
 3.68537607e+01 1.52034283e+00 6.84584092e-02 9.55480699e-02
 3.51062178e+01 -1.34601675e+00 1.60539086e-01 2.41339203e-01
 3.68695146e+01 9.28508043e-01 8.69725841e-02 1.51053838e-01
 3.74591065e+01 5.18407304e-01 1.60814588e-01 9.69269200e-02
 4.09660777e+01 4.62476488e-01 1.62830159e-01 1.73246868e-01
 3.63493169e+01 -9.53693803e-01 1.35138957e-01 1.81405176e-01
 3.51851142e+01 -1.39187511e+00 2.31079435e-02 1.95463605e-01
 3.73488507e+01 5.15568806e-01 1.36629926e-01 1.11030734e-01
 3.64187128e+01 1.29449049e+00 3.11675723e-02 1.92167735e-01
 3.71818386e+01 -1.26817977e+00 3.56249410e-02 2.29453547e-01
 3.40394709e+01 -4.82081296e-01 1.11713040e-01 2.19411532e-01
 3.06030149e+01 9.22987813e-01 1.58075280e-01 1.95679387e-01
 4.25943215e+01 6.44178864e-01 1.16703284e-01 1.94141256e-01
 4.37506162e+01 6.24788500e-01 7.36003978e-02 7.58753883e-02
 4.41734356e+01 -1.14301786e+00 1.53651849e-01 1.06382016e-01
 3.96966730e+01 2.47229943e-01 1.42968061e-01 2.10965658e-01
 4.22131107e+01 6.81163701e-01 1.10040990e-01 1.55727315e-01
 4.36875652e+01 7.28159691e-01 1.00319936e-01 1.74882530e-01
 3.70771186e+01 8.72827252e-01 7.37343886e-02 5.70700314e-02
 3.74679826e+01 2.54528448e+00 2.03245441e-01 2.01957865e-01
 3.50646375e+01 -1.58364188e+00 1.05296285e-01 1.19921324e-01
 4.08404315e+01 2.36852205e+00 7.32986041e-02 1.62854342e-01
 3.29723518e+01 -9.49045404e-01 1.34850438e-01 1.02488091e-01
 3.94160695e+01 1.41964237e+00 1.14740892e-01 1.82675971e-01
 3.73276973e+01 2.20994176e+00 1.15072523e-01 9.22760566e-02
 4.35165897e+01 2.76593104e-01 6.94511315e-02 1.53896877e-01
 4.08308005e+01 -7.11046512e-02 1.65695375e-01 1.68821023e-01
 3.56323670e+01 -9.15070004e-02 1.82890222e-01 1.61853733e-01
 3.58300280e+01 -4.00759592e-01 6.43650266e-02 1.80868212e-01
 3.81714290e+01 -6.06552323e-01 2.42517218e-03 1.57776177e-01
 3.96681558e+01 1.01383459e+00 6.71161684e-02 1.69605394e-01
 3.46162533e+01 1.22521214e+00 8.92983637e-02 2.82028759e-01
 4.23836243e+01 1.03195242e+00 4.18908387e-02 1.93546164e-01
 3.52284469e+01 1.43721654e+00 1.22944981e-01 1.46177576e-01
 3.40068205e+01 2.03726863e+00 1.49493344e-01 2.33804604e-01
 4.13920068e+01 -5.59934644e-01 1.75646128e-01 2.59256156e-01
 4.55457373e+01 2.50339302e+00 1.47345134e-01 2.23322041e-01
 3.01541447e+01 -3.52926676e-04 8.82844981e-02 1.26163188e-01
 4.40692956e+01 -1.41791045e+00 4.29957520e-02 9.77776803e-02
 3.79656185e+01 2.24557632e-01 1.04235376e-01 2.04028874e-01
 4.32069528e+01 1.09761297e+00 3.94916701e-02 1.51069975e-01
 3.70675060e+01 -1.78877280e+00 2.05274766e-01 1.22911635e-01
 4.35601786e+01 7.10219730e-01 1.04219521e-01 2.25994854e-01
 3.83737869e+01 -6.32909257e-01 1.66409608e-01 2.72986546e-01
 3.08003111e+01 8.81284324e-01 1.29569779e-01 2.04712583e-01
 3.56271799e+01 -1.31427950e-01 1.37804797e-01 1.59012079e-01
 3.41399402e+01 7.19008717e-01 8.01659317e-02 2.05343190e-01
 3.76293007e+01 8.40878732e-01 1.12844262e-01 2.06577626e-01
 3.60830801e+01 -1.37376792e-01 9.44353132e-02 2.00662699e-01
 3.69301291e+01 6.44548603e-01 2.17211184e-01 1.46095082e-01
 3.14740396e+01 -7.09189012e-01 8.92739429e-02 1.98789557e-01
 4.01449815e+01 5.25270972e-01 1.01177224e-01 1.38569340e-01
 3.84638208e+01 -1.41151668e+00 1.29256798e-01 1.07842620e-01
 3.58574919e+01 1.80865452e-02 1.97588338e-01 1.99274087e-01
 3.93605661e+01 8.61753265e-01 1.33589933e-01 1.68297026e-01
 3.84386777e+01 -6.86555159e-02 9.87088292e-02 1.66107297e-01
 4.25623054e+01 -7.93080167e-01 6.61557820e-02 1.31079074e-01
 3.61928284e+01 7.98673848e-01 1.08382466e-01 8.87322034e-02
 4.09237561e+01 -7.24861071e-02 1.41874665e-01 1.44019166e-01
 4.50996759e+01 -2.27118393e-01 9.90070643e-02 2.58697252e-01
 4.30555932e+01 -5.55275327e-01 1.71238516e-01 2.64521878e-01
 3.82449002e+01 3.99956788e-01 -1.57966375e-02 1.19625630e-01
 4.14283024e+01 -1.81126437e+00 8.78189228e-02 2.44537014e-01
 3.79100084e+01 -7.21906227e-02 1.78891401e-01 1.25480945e-01
 3.37409165e+01 -7.24993328e-02 8.04289957e-02 1.27580448e-01
 3.60238861e+01 -5.01007684e-02 1.06774913e-01 2.09779321e-01
 3.38574120e+01 5.17888521e-01 8.71812737e-02 1.65624950e-01
 4.03490577e+01 1.56605682e-01 1.07405695e-01 1.33971762e-01
 3.57018085e+01 -1.73149607e-01 1.34308612e-01 2.35895340e-01
 4.03438140e+01 -8.23515320e-01 1.07564777e-01 1.27046299e-01
 3.55785610e+01 -8.44847901e-02 1.57622224e-01 2.62925535e-01
 3.77287351e+01 1.69888719e-01 1.09398112e-01 2.21929401e-01
 4.54976509e+01 -3.88936621e-01 9.31352284e-02 1.48079312e-01
 4.34249676e+01 1.88297328e+00 1.01251991e-01 1.79967440e-01
 3.86034597e+01 -1.19000013e+00 9.22830702e-02 1.01106149e-01
 3.66236080e+01 3.94541375e-03 7.18385697e-02 1.55142004e-01
 3.67709043e+01 2.62083169e-01 7.21040578e-02 1.70103868e-01
 3.68017344e+01 2.05234582e-01 1.30102703e-01 2.20525807e-01
 3.45948624e+01 -2.59492170e-01 1.38198989e-01 1.96460320e-01
 3.86864541e+01 -3.82456007e-01 1.19188121e-01 1.87408658e-01
 3.71591173e+01 1.32982642e+00 1.36144362e-01 1.04408973e-01
 4.06857053e+01 5.29525207e-01 5.72594115e-02 2.03805030e-01
 3.52362923e+01 6.44800559e-01 5.50464126e-02 1.68050501e-01
 4.11946171e+01 6.25061948e-01 1.16581479e-01 1.85770148e-01
 3.82097703e+01 -3.26460793e-01 4.15157929e-02 2.45299644e-01
 4.42746772e+01 -6.84121263e-01 8.51067108e-02 2.12363086e-01
 4.19007637e+01 -3.67225025e-01 1.53990433e-01 2.01304569e-01
 3.76541768e+01 7.23071594e-01 1.32596813e-01 2.85339492e-01
 3.65530958e+01 1.08652528e+00 1.27327369e-01 1.47936536e-01
 3.90665356e+01 2.47813684e+00 1.07552817e-01 1.40310939e-01
 4.20705677e+01 -1.15627126e+00 1.11199453e-01 1.66103075e-01
 4.03294399e+01 1.70766552e+00 9.52901815e-02 1.99672514e-01
 4.22904736e+01 -8.95332035e-01 1.85569500e-01 1.00711142e-01
 3.28757537e+01 3.21462681e-01 1.16380667e-01 2.31635504e-01
 3.64355099e+01 -2.61937551e-01 6.40709187e-02 1.71768240e-01
 3.84596160e+01 1.64605332e+00 1.17800806e-01 1.89358727e-01
 4.29204400e+01 1.23299497e+00 6.84935579e-02 9.88096145e-02
 4.31361627e+01 1.79201668e+00 2.06084654e-01 1.78773303e-01
 3.89283137e+01 8.89170308e-01 9.09134094e-02 3.16217302e-01
 3.82977164e+01 -6.61283787e-01 1.34567904e-01 1.61140820e-01
 4.25678983e+01 7.36369348e-01 1.03273545e-01 1.84685119e-01
 4.13966029e+01 8.01302008e-01 1.18066535e-01 1.59459669e-01
 3.59437100e+01 1.42368231e+00 1.42868172e-01 1.34061294e-01
 4.00196024e+01 6.99532380e-01 1.16624566e-01 2.06090856e-01
 3.73376858e+01 -6.49381812e-01 2.33810527e-02 1.76587940e-01
 4.36800389e+01 1.08596635e+00 1.55609494e-01 1.44982949e-01
 4.09964374e+01 1.09282605e+00 4.79546161e-02 1.15881892e-01
 3.28040343e+01 -1.12579513e+00 4.15595054e-02 1.24770247e-01
 3.22323676e+01 -3.99276023e-01 7.13098264e-02 2.69219409e-01
 3.58999568e+01 -5.38303457e-01 -1.82408114e-02 1.95305230e-01
 3.85898893e+01 7.90859977e-02 1.06927648e-01 2.27916309e-01
 4.76117717e+01 -2.08192698e-01 1.73053694e-01 8.12786187e-02
 3.50772971e+01 9.65639984e-01 1.07061458e-01 1.30115233e-01
 4.61645179e+01 9.81343143e-01 4.61668454e-02 1.78157752e-01
 3.95302054e+01 1.63646188e+00 4.44741223e-02 1.50477084e-01
 3.24699336e+01 -1.31574025e-01 1.46083226e-01 1.68152015e-01
 4.01387013e+01 -8.17161807e-01 1.22548267e-01 1.95404682e-01
 3.83374463e+01 1.40635501e+00 8.07434993e-02 1.73183235e-01
 4.10433882e+01 -2.46724507e-01 1.26653591e-01 1.51008980e-01
 4.35600286e+01 -8.98793285e-01 4.73955899e-02 8.89838360e-02
 3.88612536e+01 2.21575851e+00 8.65350859e-02 1.83315456e-01
 3.94624451e+01 -1.64845911e-01 1.47089854e-01 1.91938273e-01
 4.23292038e+01 -2.00179418e-01 8.30775210e-02 1.72922288e-01
 4.40225760e+01 1.32233623e+00 7.65941249e-02 2.24107774e-01
 4.06712982e+01 1.48853584e+00 1.64284263e-01 1.91055066e-01
 3.55120080e+01 1.28049740e+00 1.34681360e-01 2.30506464e-01
 4.91121769e+01 -2.92462827e-01 9.35717399e-02 1.55044259e-01
 4.10749726e+01 1.59320153e+00 9.70941630e-02 1.79890056e-01
 3.76519826e+01 1.11917900e+00 7.88809239e-02 1.44560209e-01
 3.97965653e+01 1.00745490e+00 1.37224317e-01 1.89156970e-01
 3.78154372e+01 5.45297814e-01 9.47658592e-02 1.97030189e-01
 4.12296754e+01 2.09372642e+00 1.08719422e-01 1.36687400e-01
 4.08256366e+01 9.08410550e-01 1.24672430e-01 1.96068626e-01
 4.72266990e+01 8.15822614e-01 6.07440816e-02 9.51450737e-02
 4.22430694e+01 -2.16191583e-01 1.43135116e-01 2.10805873e-01
 3.68774455e+01 -2.49418257e-01 8.06504657e-02 1.72707307e-01
 3.70321956e+01 5.38914783e-01 1.11579197e-01 2.19183178e-01
 3.65569162e+01 1.07213827e-01 9.85632077e-02 1.72294418e-01
 4.21377282e+01 4.61648492e-01 1.12332075e-01 1.34710441e-01
 3.66173018e+01 -4.35934766e-01 9.18282954e-02 1.49695522e-01
 4.11297146e+01 1.65321728e+00 1.57330638e-01 1.92381192e-01
 4.06674220e+01 -9.12681512e-01 1.80555405e-01 1.03595133e-01
 3.33219127e+01 5.18308438e-01 8.60952754e-02 1.85347603e-01
 3.54533310e+01 9.42710030e-01 1.45290323e-01 1.78817798e-01
 3.49612743e+01 -5.34238810e-01 1.61734650e-01 1.67954850e-01
 3.72642113e+01 -1.77787642e-01 1.18981051e-01 2.05776523e-01
 3.49905297e+01 5.67520445e-01 1.16714351e-01 5.79553345e-03
 3.91178369e+01 -1.00702345e+00 1.18096720e-01 1.35210877e-01
 3.59031961e+01 4.49677564e-02 1.81241167e-01 1.41613862e-01
 3.79429602e+01 1.00902943e+00 1.11563377e-01 2.45507651e-01
 4.53674612e+01 2.62803804e+00 1.31635831e-01 1.53555823e-01
 4.45554332e+01 -3.42403377e-01 1.01940551e-01 1.53125972e-01
 3.50693464e+01 1.13189595e-01 1.25438579e-01 1.40337477e-01
 4.52966673e+01 3.42061850e-01 4.10350466e-02 9.55518276e-02
 3.98272576e+01 4.71547644e-01 7.22105152e-02 1.64754107e-01
 3.75582392e+01 -1.00610882e-01 9.70300701e-02 9.73900353e-02
 4.27190333e+01 -8.44330634e-01 8.81514903e-02 1.65745291e-01
 3.75606963e+01 2.22355319e-02 1.84310589e-01 1.88847590e-01
 3.00129313e+01 5.03295948e-01 6.80193015e-02 1.78054819e-01
 4.03942071e+01 1.09200907e+00 1.36461613e-01 1.84660268e-01
 4.27203910e+01 -5.90157093e-01 8.54483084e-02 1.55480035e-01
 3.92425220e+01 1.05298800e+00 1.50931295e-01 1.83690762e-01
 3.66522574e+01 -4.89386214e-01 1.29257715e-01 1.46764301e-01
 3.86358904e+01 6.98148232e-01 1.16441044e-01 1.53305509e-01
 3.92421604e+01 6.59563257e-01 1.05138067e-01 1.20354370e-01
 4.19471367e+01 -1.02822496e+00 5.79884905e-02 5.45762204e-02
 3.10637262e+01 -6.24004950e-01 1.39550673e-01 1.18825164e-01
 4.26672188e+01 -4.89383099e-01 1.31067512e-01 2.04837692e-01
 3.65305781e+01 2.37948199e-01 9.83895208e-02 2.93644966e-01
 3.72084242e+01 8.14228884e-01 1.14141450e-01 1.69108570e-01
 4.31197548e+01 -3.91893056e-01 1.20694645e-01 1.24077066e-01
 2.93103378e+01 -1.33707657e+00 1.07229847e-01 1.62388049e-01
 3.27370628e+01 1.37185958e+00 1.38005871e-01 7.99831881e-02
 3.50935450e+01 9.58080704e-01 7.98589577e-02 1.67822038e-01
 3.67694608e+01 1.11145992e+00 1.62984197e-01 1.19431736e-01
 3.82109670e+01 -3.07878501e-01 3.62108832e-02 2.01584639e-01
 4.64371015e+01 -1.28423259e+00 1.28886033e-01 1.27608586e-01
 3.86225241e+01 -6.09190071e-02 5.97288632e-02 7.82448575e-02
 4.04463992e+01 -1.07962967e+00 1.89843045e-01 2.05028610e-01
 3.26089952e+01 -6.12235399e-01 1.20024560e-01 1.11207984e-01
 3.25309288e+01 -9.19926230e-01 1.43334277e-01 9.15563602e-02
 3.75566535e+01 4.20740291e-01 1.59689331e-02 8.48623219e-02
 4.07776914e+01 -8.51189346e-01 1.57185107e-01 2.10624863e-01
 4.17435725e+01 7.04784923e-01 1.47578717e-01 1.30348830e-01
 4.45481992e+01 -2.20957153e-01 2.57425074e-02 2.18182922e-01
 3.03006627e+01 -1.20657538e+00 4.23504636e-02 2.13640603e-01
 3.94095964e+01 -9.43878645e-02 9.58752283e-02 1.30827369e-01
 4.10113351e+01 -3.14172191e-01 1.01186798e-01 1.34132862e-01
 3.39033423e+01 8.41661023e-01 1.68163356e-01 1.21970302e-01
 3.76487498e+01 -9.41176726e-01 1.45449762e-01 1.88682165e-01
 4.44514646e+01 1.45066314e+00 8.28109547e-02 1.90202067e-01
 3.34337219e+01 -1.78226074e-01 7.63845201e-02 1.17447905e-01
 3.35336630e+01 -4.50685768e-01 1.36521397e-01 1.52679378e-01
 4.50205354e+01 -1.82290209e-01 8.64214253e-02 1.67347364e-01
 4.02170601e+01 -2.13905257e+00 -2.80920262e-02 1.46553376e-01
 4.41404423e+01 3.60264538e-01 1.21437409e-01 9.42375912e-02
 3.33067838e+01 -3.54113086e-01 1.34897894e-01 1.50659588e-01
 3.64988948e+01 7.35296983e-02 5.52196104e-02 2.20867127e-01
 3.91908104e+01 -4.91006893e-01 6.58629772e-03 1.02739446e-01
 4.05239324e+01 5.05704025e-01 1.22160784e-01 1.72158465e-01
 4.91600643e+01 -1.41536754e+00 1.66050965e-01 1.87766892e-01
 4.10286066e+01 -2.16009476e+00 7.28985569e-02 1.04709202e-01
 3.71604711e+01 -2.88431523e+00 9.05861924e-02 1.27560625e-01
 3.87717582e+01 -3.01869702e-01 1.10440410e-01 2.00946570e-01
 3.51236032e+01 -1.38634899e+00 5.55342422e-02 1.91633354e-01
 3.92290965e+01 -1.69144737e+00 4.40084240e-02 1.40618933e-01
 3.95852990e+01 -2.29113708e-01 8.34418021e-02 2.11862385e-01
 3.95586973e+01 -1.98312703e+00 1.29439619e-01 1.22054848e-01
 4.42064057e+01 -2.50034851e+00 1.06064884e-01 2.14998870e-01
 3.73850849e+01 6.31982030e-01 1.21966869e-01 2.14229360e-01
 4.29547388e+01 4.97629597e-03 3.76540311e-02 2.09478049e-01
 3.85131950e+01 -1.79146260e-01 8.42325030e-02 1.87903496e-01
 4.10094702e+01 -2.50103069e+00 1.43190967e-01 1.23759478e-01
 3.70100142e+01 -1.35650469e-01 1.22340207e-01 1.12295829e-01
 4.15893670e+01 -1.17622159e+00 1.14423114e-01 1.52535069e-01
 3.26106420e+01 1.30769178e+00 1.01360766e-01 1.18272921e-01
 4.02798114e+01 1.58744352e-01 7.40152734e-02 1.46623628e-01
 3.79378865e+01 -5.57586360e-01 1.72284570e-01 1.54869815e-01
 4.75705469e+01 -4.24106044e-01 1.46321718e-01 1.48616395e-01
 3.91883755e+01 -1.03637895e+00 1.96282631e-01 1.31703823e-01
 3.49918329e+01 -9.41540221e-01 6.62311306e-02 1.44914290e-01
 3.75192468e+01 -2.72301382e-01 1.06894071e-01 2.22064102e-01
 3.38477347e+01 1.41594960e+00 1.37252479e-01 1.90140004e-01
 4.59330246e+01 5.24268611e-01 6.22659017e-02 1.84326093e-01
 4.46996623e+01 1.55253197e+00 1.48864995e-01 1.72332733e-01
 3.09781000e+01 -2.52717844e+00 8.09660414e-02 1.55063287e-01
 4.07527161e+01 2.42812475e-01 4.28586407e-02 2.10962323e-01
 3.54572431e+01 8.00190151e-02 8.13847929e-02 2.09930980e-01
 3.93638742e+01 1.95343642e-01 1.03212200e-01 1.40203897e-01
 3.79520366e+01 1.43161896e+00 7.29766547e-02 1.76861134e-01
 3.71162904e+01 1.86566157e+00 1.05198927e-02 1.43203401e-01
 4.06876637e+01 -5.12602419e-01 7.00496650e-02 1.64155020e-01
 3.95075327e+01 5.56746177e-02 5.85048554e-02 2.21545518e-01
 3.68625601e+01 1.01698227e-01 1.77813100e-01 2.42474578e-01
 3.57886414e+01 1.33912052e-01 7.95154239e-02 1.15297562e-01
 3.33255525e+01 1.94867877e+00 1.41502537e-01 2.17420716e-01
 3.86051697e+01 1.24280580e+00 6.75066269e-02 2.04552615e-01
 4.09336890e+01 1.29619513e+00 1.12602376e-01 2.79635886e-01
 4.09905094e+01 -2.49337082e-01 1.54476088e-01 2.23543927e-01
 4.32118173e+01 -2.10181805e+00 9.40447829e-02 2.25809308e-01
 3.87904896e+01 4.84128001e-01 1.73334486e-01 2.14898966e-01
 4.12655012e+01 -4.39959922e-01 1.49981081e-01 1.05526029e-01
 3.33876021e+01 -1.16367264e+00 9.88330252e-02 1.22887844e-01
 3.62730742e+01 2.64251978e-01 1.65686414e-01 1.65639869e-01
 3.37952979e+01 9.42501225e-01 7.25619143e-02 1.71252995e-01
 4.05921258e+01 2.41983502e-01 1.59955199e-01 1.92968598e-01
 3.74955542e+01 1.53759723e+00 1.72434085e-01 1.53341988e-01
 3.97363834e+01 2.04193029e-01 7.82851538e-02 1.17007441e-01
 3.85881227e+01 1.52844079e+00 1.87878397e-01 2.21883984e-01
 3.70463903e+01 5.64101003e-01 1.49173180e-01 1.99000527e-01
 3.58624655e+01 -8.71220643e-01 9.65136258e-02 9.56801462e-02
 4.38069367e+01 -6.29582723e-01 1.46707007e-01 2.21551103e-01
 4.19550993e+01 5.12327503e-01 1.47397328e-01 1.14428558e-01
 3.30515813e+01 1.04040236e+00 1.33619170e-01 2.45913748e-01
 3.65258950e+01 -1.69564142e-01 8.03260001e-02 1.24999478e-01
 3.30469431e+01 -3.97176330e-02 1.86914740e-01 1.06642873e-01
 4.16774372e+01 1.91282909e-01 1.36146728e-01 1.79904662e-01
 4.03475913e+01 1.19076602e+00 1.01610977e-01 1.23389986e-01
 3.93475675e+01 2.37474059e-01 1.24797855e-01 1.30197653e-01
 4.34612401e+01 4.91705186e-01 1.06891444e-01 2.80864472e-01
 3.65731242e+01 -2.61400290e-01 1.22830050e-01 1.64342139e-01
 4.16073379e+01 9.02268855e-01 1.18561690e-01 7.65410008e-02
 2.95298689e+01 2.18452782e-01 1.56353925e-01 1.90769482e-01
 3.43832418e+01 -3.01886850e-02 2.36785230e-02 1.80022333e-01
 3.92993533e+01 -3.53061843e-01 2.85187016e-02 1.10698960e-01
 4.41263711e+01 -8.62896605e-01 8.71234307e-02 1.48275607e-01
 4.09577142e+01 -1.06562265e+00 2.07156348e-02 2.38599817e-01
 3.72109167e+01 1.45967515e+00 3.99243942e-02 1.81998823e-01
 3.76500027e+01 -5.36874168e-01 1.14170413e-01 1.31999102e-01
 3.59348948e+01 8.96896603e-01 8.29155329e-02 1.16846284e-01
 4.09547390e+01 -3.40671742e-01 7.70207149e-02 2.09090842e-01
 3.56147115e+01 1.03288144e-01 -4.15183084e-03 2.15193946e-01
 4.22212905e+01 1.11206602e+00 1.12943297e-01 2.02651516e-01
 4.54336748e+01 -5.49445931e-01 -1.31668995e-02 1.02077294e-01
 3.71807008e+01 -9.35684232e-04 9.95505725e-02 1.08875735e-01
 4.55185274e+01 -1.82407508e+00 3.11856042e-02 1.68752981e-01
 3.83587518e+01 -6.73603667e-01 7.43233950e-02 8.81820980e-02
 4.27589161e+01 -2.00557648e-02 1.54794442e-01 1.00505882e-01
 3.20566814e+01 1.09464034e-01 1.11586190e-01 5.38165389e-02
 3.74572812e+01 5.80667653e-02 7.10516049e-02 1.31521314e-01
 4.34428005e+01 -1.58371089e+00 1.89861072e-01 6.66052048e-02
 3.47243119e+01 2.50773451e-01 1.30404517e-02 1.30976543e-01
 4.47569871e+01 -6.69139355e-01 4.30062415e-02 1.22420184e-01
 4.24416889e+01 7.77400620e-01 7.87060966e-02 2.32435548e-01
 3.95733653e+01 1.52607047e-03 4.77806946e-02 1.01624739e-01
 4.59794401e+01 5.49364422e-01 5.32164735e-02 2.04663048e-01
 4.76131292e+01 -1.10355697e+00 1.04504565e-01 9.20549675e-02
 3.80034282e+01 -9.62574833e-01 9.38257392e-02 6.55973961e-02
 3.90359498e+01 -4.29046044e-01 8.97780258e-02 1.71081916e-01
 3.75881822e+01 1.62555323e+00 1.16487542e-01 5.21268836e-02
 3.94080468e+01 3.20098587e-01 8.88496724e-02 1.90476718e-01
 4.29501128e+01 -8.67812181e-01 2.78446885e-02 3.15704083e-02
 3.84351533e+01 3.77632955e-01 2.77759321e-02 1.14137483e-01
 4.18627193e+01 1.36137202e+00 4.21286810e-02 1.52369694e-01
 3.42676444e+01 8.28609565e-01 5.43918039e-02 1.31411767e-01
 3.85163893e+01 1.42190978e+00 6.45833409e-02 1.51169290e-01
 3.93438619e+01 -1.18787420e+00 1.38973367e-03 1.56678046e-01
 4.12703831e+01 9.64390524e-01 7.16639804e-02 1.17811649e-01
 4.53360285e+01 -3.93117150e-01 -2.27886630e-03 1.69418584e-01
 3.51778743e+01 1.55616373e-01 1.15856073e-01 1.09905811e-01
 3.80245663e+01 -7.32713142e-02 4.51105386e-02 1.37332155e-01
 3.83054993e+01 3.36194212e-01 6.43386136e-02 7.62951079e-02
 3.70089361e+01 -4.43766764e-01 -3.28992286e-04 2.60904940e-01
 3.89119658e+01 -1.50303773e+00 1.34385115e-01 1.30845445e-01
 3.93349218e+01 -1.59005457e-01 9.88670605e-02 1.28214322e-01
 4.13926687e+01 1.02930310e+00 -1.77290515e-02 1.71139671e-01
 3.58570814e+01 -1.64463130e+00 -2.64023086e-02 1.30723722e-01
 4.25680189e+01 2.76607127e+00 6.44545029e-02 2.07805467e-01
 3.52850707e+01 1.25741919e+00 9.12309006e-03 1.26183797e-01
 4.01572250e+01 1.70719146e+00 1.17285977e-01 1.02096648e-01
 3.40684265e+01 -3.01824069e-01 5.92094350e-02 9.29719383e-02
 4.01560642e+01 -1.33692973e+00 1.81248751e-02 1.03647407e-01
 4.56305090e+01 1.19326930e-01 3.66545338e-02 9.93997228e-02
 4.03387804e+01 1.14001612e+00 9.29383689e-02 1.06380693e-01
 3.94789989e+01 3.53992990e-02 7.80458373e-03 7.80446193e-02
 3.53011175e+01 -9.20829804e-01 5.44796661e-02 1.27017386e-01
 3.97140686e+01 2.09211567e-01 7.82662035e-02 1.10333437e-01
 3.63458765e+01 3.76402611e-01 -2.10383233e-03 7.54398678e-02
 3.61475504e+01 -2.85794786e-01 6.39398343e-03 6.59730254e-02
 3.45122890e+01 2.30330488e+00 6.89429156e-02 1.05961137e-01
 3.59719238e+01 8.50942104e-01 -2.48384120e-02 1.43497986e-01
 3.56091673e+01 4.14467697e-01 -1.34930097e-02 1.06439930e-01
 4.22944977e+01 -5.97084946e-01 -3.89571370e-02 1.07217117e-01
 4.01540460e+01 -2.87122820e-01 5.84953297e-02 8.60796964e-02
 3.81284261e+01 -1.26103669e-01 6.21962878e-02 1.37329611e-01
 3.16788004e+01 1.93928207e-01 7.81381310e-02 1.23701204e-01
 3.44310741e+01 9.34572091e-01 6.16879765e-02 1.34288308e-01
 3.98808084e+01 1.27848317e+00 -4.12331417e-02 5.54278686e-02
 3.35393209e+01 7.59172984e-01 -4.69558791e-02 5.64173497e-02
 3.81445744e+01 3.00390740e-01 -1.98083666e-03 8.93214613e-02
 3.30719035e+01 2.39058140e-01 4.45564917e-02 4.62791578e-02
 3.96957272e+01 -7.31981485e-01 -3.97596280e-02 5.26066884e-02
 3.70542223e+01 -1.10121686e+00 1.29404886e-02 1.27148393e-01
 3.55216617e+01 7.16526963e-01 6.33540734e-02 1.11827113e-01
 3.60126169e+01 -2.67822412e-01 -4.92429357e-03 6.14484501e-02
 4.78910527e+01 -9.53713493e-01 4.83696133e-02 1.07341085e-01
 3.85661182e+01 1.69760794e+00 -7.46583929e-03 9.88234107e-02
 4.16391488e+01 -2.18412956e+00 1.91810120e-02 -1.14727927e-02
 4.55377410e+01 5.58811463e-01 1.07627672e-02 9.42108321e-02
 4.00291700e+01 2.25568648e+00 3.42001791e-02 9.61380120e-02
 3.99695824e+01 2.10101381e-01 -1.01691638e-01 2.35246959e-02
 4.10402250e+01 8.85171137e-01 2.02845365e-02 -1.45084225e-02
 4.23679898e+01 5.81615323e-01 -4.01412637e-02 6.73831568e-02
 4.26191326e+01 -3.15746005e-01 1.46040227e-02 1.48745666e-01
 3.82110396e+01 4.51409139e-01 -1.37721687e-02 1.21884132e-01
 4.13762582e+01 -1.77571450e+00 1.04590686e-01 5.99883725e-02
 3.31478896e+01 -1.64555637e+00 -1.24572262e-02 1.36026702e-01
 2.85558536e+01 -8.03218836e-01 4.48841873e-02 9.31818031e-02
 3.63098584e+01 -9.00065085e-01 -8.22221099e-02 3.57238552e-02
 4.82860077e+01 1.02095624e+00 -3.17978331e-02 1.40795389e-01
 3.79096871e+01 -5.69252857e-01 1.46199063e-02 3.44656724e-02
 3.88563889e+01 -3.33407580e-01 -3.51248357e-02 7.88584219e-03
 3.24278199e+01 -6.02851609e-02 -6.21301892e-02 2.30505658e-02
 3.80883835e+01 1.06795368e+00 -2.58539460e-02 1.01421050e-01
 4.15856680e+01 -1.73827949e+00 -1.24827325e-01 1.27859125e-01
 4.35392052e+01 8.84332732e-01 -8.55371378e-03 4.25758185e-02
 3.12882135e+01 1.14807525e+00 5.02363999e-02 5.94432718e-02
 4.06671721e+01 -4.22038845e-01 -5.84478567e-02 6.19864255e-02
 4.30278119e+01 1.16820351e+00 -2.93296555e-02 1.46247999e-01
 3.04030429e+01 -1.16232772e+00 -1.11867495e-01 8.27975326e-02
 3.82484340e+01 -7.26996818e-02 -3.76169341e-02 1.18240800e-01
 3.27386958e+01 1.01626830e+00 -6.42782215e-03 1.03288841e-01
 3.75363753e+01 1.50585767e+00 -7.96323661e-02 1.86535135e-02
 3.97961141e+01 -2.20459437e-01 6.88927375e-02 -1.94779327e-02
 3.98067506e+01 3.61976427e-01 -6.62826594e-02 4.56554940e-02
 3.61810853e+01 -6.24420762e-01 2.77761551e-02 4.13611053e-02
 3.66000619e+01 1.43115643e+00 -2.96678451e-02 3.79880230e-02
 4.14496942e+01 2.93691738e-01 -3.80136934e-02 6.79911276e-02
 3.82114145e+01 -3.41024278e-01 1.57580640e-02 6.42332912e-02
 3.62974846e+01 8.09821114e-01 -1.84950293e-02 6.13562445e-02
 4.21300289e+01 5.29266613e-01 2.72867249e-02 8.58359960e-02
 3.22769708e+01 -2.34986483e+00 7.86851482e-02 1.01195701e-01
 4.74517524e+01 6.63635314e-01 -2.34917417e-02 6.53180483e-02
 3.76206241e+01 2.55764108e-01 -1.15361926e-02 6.87609184e-02
 3.54861131e+01 -2.68235531e-01 1.29334997e-03 5.63632111e-02
 3.89722363e+01 2.24959034e+00 -1.95973223e-02 5.32054803e-02
 3.87971915e+01 8.93495501e-01 -6.50258232e-02 -8.23424620e-03
 4.36076255e+01 1.45789178e+00 -5.43442862e-02 1.47641160e-01
 4.03405204e+01 6.09207195e-01 -1.76741581e-01 5.99740617e-02
 3.37261793e+01 -3.28103150e-01 -7.50844295e-03 -9.83903752e-03
 3.92969300e+01 1.56157995e+00 2.08546311e-02 7.44021957e-02
 3.33309199e+01 -2.06169944e-01 2.17544419e-02 5.44264877e-02
 2.88156850e+01 -5.56837677e-01 -6.29189468e-02 -1.57889691e-02
 3.43247505e+01 -2.23404327e+00 -3.87498592e-02 2.20926479e-02
 4.99166868e+01 8.80878133e-01 -2.37225044e-02 -3.53743789e-02
 3.29473443e+01 -4.70920186e-01 -8.35800740e-02 2.87631410e-02
 4.38561030e+01 -7.38041164e-01 -6.83600267e-03 8.33279319e-02
 3.98965780e+01 -1.37012456e+00 -2.91268336e-02 6.21001534e-02
 3.39796875e+01 -5.12316963e-01 1.19073882e-01 -3.54771192e-02
 3.71036867e+01 2.88736337e+00 -6.17941186e-02 5.99059391e-02
 2.93596371e+01 -6.16022885e-01 -5.50584484e-02 9.23392606e-03
