 2.99357240e+01 3.50655477e-01 -4.54292557e-01 1.68582655e+00
 2.99656470e+01 -9.09372422e-01 1.59929170e-01 1.82377691e+00
 2.99340963e+01 -6.31820117e-01 -2.44793628e-01 2.26999550e+00
 2.99931106e+01 -1.36836746e+00 -2.32006961e-01 1.37825780e+00
 3.04246510e+01 1.97239637e+00 -2.98077126e-01 2.07470449e+00
 2.98169077e+01 8.71932477e-01 5.43674038e-01 1.54360025e+00
 2.98110279e+01 -4.53513465e-01 -8.35264776e-02 1.56453158e+00
 3.02898375e+01 2.09319775e+00 7.84984486e-01 1.44116147e+00
 3.02521460e+01 -6.85043560e-01 -5.66010967e-01 1.62444520e+00
 2.94708910e+01 -3.46496442e-01 4.80514985e-01 1.63996501e+00
 2.97291487e+01 6.49982824e-01 -2.25124862e-02 2.02791678e+00
 2.98903387e+01 -4.73779599e-01 -1.56874479e-02 1.93733297e+00
 2.99745481e+01 1.12408063e+00 1.95927054e-01 1.88969899e+00
 2.97809575e+01 -7.16704171e-01 2.30722913e-01 2.17734274e+00
 3.01681009e+01 4.09100293e-01 -3.19888788e-01 2.19283067e+00
 3.00532953e+01 1.39344874e-02 -7.24857635e-01 1.93682810e+00
 3.02483226e+01 8.27990162e-01 -3.74251135e-01 1.84250896e+00
 3.01020748e+01 4.27140530e-01 7.79186866e-01 1.81965801e+00
 3.02434134e+01 -1.04349041e+00 2.44334123e-01 1.90005661e+00
 3.00758986e+01 1.62766810e+00 -5.82970454e-01 1.52112909e+00
 3.00082566e+01 6.78939572e-01 -1.03727700e+00 1.92823378e+00
 3.00788632e+01 1.00386552e+00 6.31383062e-01 1.82459345e+00
 3.01408819e+01 -3.82389055e-01 -2.58400747e-01 1.95680400e+00
 3.00616913e+01 -3.49876738e-01 -5.47971154e-01 2.17018829e+00
 2.98488704e+01 6.63534525e-03 -2.09509239e-01 2.09416300e+00
 2.98824811e+01 -1.44321026e+00 2.41636100e-02 1.99189576e+00
 2.97353877e+01 5.91209717e-01 -6.06139271e-02 1.89064494e+00
 3.03321079e+01 -8.55080778e-01 2.39395374e-01 1.94928612e+00
 2.99267832e+01 1.48431193e+00 -5.45417532e-01 2.20433340e+00
 3.01966474e+01 1.27457155e+00 -3.30459134e-01 1.50272573e+00
 3.00243747e+01 1.64032519e+00 -2.06004136e-01 1.95229726e+00
 3.03162360e+01 -1.60627027e+00 -5.27622518e-01 1.37959392e+00
 2.98902105e+01 1.34450434e-01 -2.34742035e-01 1.67094496e+00
 3.01305768e+01 -1.18718751e+00 -4.59513162e-01 1.08400858e+00
 3.00231720e+01 -2.22126729e-01 2.06956240e-01 2.04933087e+00
 2.99802353e+01 4.91676837e-01 4.86300549e-02 2.13188144e+00
 3.01287500e+01 -1.37294428e+00 -1.68144405e-01 1.57644179e+00
 3.02912790e+01 -5.20345433e-01 1.55437463e-01 1.41736625e+00
 3.00229024e+01 -9.72473507e-01 -3.97591343e-02 2.05426577e+00
 3.01542687e+01 1.80814713e-01 2.74917799e-01 1.64181508e+00
 3.03148112e+01 8.03262043e-01 2.52339910e-02 1.33205332e+00
 3.00749082e+01 7.44807740e-01 -5.18716052e-01 1.74925612e+00
 3.02625721e+01 -4.68691265e-01 2.88897000e-01 1.41831449e+00
 2.99805963e+01 -2.26213500e-01 -3.95675636e-01 1.64012347e+00
 3.00046371e+01 -9.74878449e-01 -3.85839563e-01 1.78819700e+00
 2.98513918e+01 3.45092264e-01 7.32134668e-01 1.84624701e+00
 2.99572133e+01 -1.10351765e-02 -1.15914364e+00 1.90598252e+00
 2.99547807e+01 -1.15732111e-01 -4.30664251e-01 1.67182090e+00
 3.03481692e+01 -1.12701275e+00 -5.86926184e-01 1.88829176e+00
 2.99947632e+01 5.41598323e-01 4.20218194e-01 2.14277787e+00
 3.00671308e+01 7.13018707e-02 -3.33297594e-01 1.86462204e+00
 3.05126584e+01 -1.24322921e+00 -5.19707094e-01 1.55637648e+00
 3.02018719e+01 -1.50648696e+00 -4.24577354e-01 1.71503400e+00
 3.02271230e+01 5.12226094e-02 -1.14878604e-01 2.35432876e+00
 3.02588082e+01 -1.19501211e-01 3.71870192e-01 1.55636790e+00
 3.02382599e+01 -7.27295245e-01 -6.17767276e-01 1.85987317e+00
 2.98853037e+01 -1.38944751e-01 -4.18615347e-01 1.78109690e+00
 3.01926253e+01 -2.27681988e+00 4.73374401e-01 1.52118434e+00
 2.98945708e+01 -1.30604896e+00 -2.98523954e-01 2.08621158e+00
 2.99936122e+01 -1.96261042e+00 -1.13474664e+00 2.07102069e+00
 2.96560250e+01 1.22420531e+00 -4.37133393e-01 1.99653954e+00
 2.97021167e+01 -1.14844585e-01 -4.77858041e-01 1.56301790e+00
 3.01411361e+01 5.96703026e-01 4.18411926e-02 1.81366557e+00
 2.99497966e+01 -6.27954988e-01 -4.16153339e-01 1.67471094e+00
 2.97997197e+01 7.37967525e-01 4.05920511e-01 1.80252883e+00
 3.02488339e+01 -5.84640811e-01 -1.40106695e+00 2.06439033e+00
 3.00592148e+01 4.38365604e-01 -9.12771114e-01 2.07305229e+00
 3.03663194e+01 -1.18979021e+00 -9.84654594e-01 1.54158740e+00
 2.99849698e+01 2.60944858e-01 -8.55491744e-01 1.77757240e+00
 3.00633239e+01 5.62588749e-01 -2.08699312e-01 2.03872724e+00
 2.94571820e+01 1.97066194e+00 -6.03085096e-01 1.53778313e+00
 3.02592382e+01 9.21631448e-01 -1.99063292e-01 2.02046650e+00
 2.99381043e+01 -1.24579885e+00 -1.69940515e+00 1.52003717e+00
 3.02759046e+01 1.59733119e+00 1.23516085e-01 1.95250841e+00
 3.01609293e+01 3.22704648e+00 -1.16674454e+00 1.87820674e+00
 3.03604420e+01 1.27129087e-01 1.59723611e-01 1.96728731e+00
 2.98437545e+01 -1.97849576e+00 -4.24274461e-01 1.49249287e+00
 3.00801724e+01 -1.75546471e+00 -9.55226854e-01 1.80795604e+00
 3.03366982e+01 -1.62191472e-01 -8.64663823e-01 1.75917531e+00
 3.02101877e+01 8.94186109e-01 3.23462162e-02 1.51157632e+00
 3.02173272e+01 1.11518622e+00 1.86075129e-01 1.97416304e+00
 3.03374082e+01 8.79602756e-01 -9.96137862e-01 1.96310776e+00
 3.05851365e+01 1.33275500e+00 -8.09670978e-01 1.38640674e+00
 3.07591749e+01 1.89468180e+00 -1.06536459e+00 2.52962767e+00
 2.99043365e+01 9.41754401e-01 -4.81305102e-01 1.96385318e+00
 3.01983921e+01 -2.16939473e+00 -5.00161839e-01 1.64513895e+00
 3.05615329e+01 -7.95838946e-01 -5.56422584e-01 1.80203553e+00
 3.02082786e+01 -2.31174076e+00 -1.90328406e-01 1.97282147e+00
 3.02567438e+01 -1.19419230e+00 -1.27789023e+00 1.96396343e+00
 3.02485497e+01 -4.64979846e-02 3.58467790e-01 2.11963230e+00
 3.00847240e+01 2.26913741e-01 -3.99231335e-01 1.92442888e+00
 3.06675515e+01 1.54272131e+00 -3.17704615e-01 1.89338240e+00
 3.04516419e+01 1.58728349e-01 -2.84065120e-02 1.61543321e+00
 3.04663378e+01 6.93346450e-01 -3.13994381e-01 2.05403063e+00
 3.02729263e+01 -4.17864115e-01 9.11783656e-02 2.00494549e+00
 3.02326246e+01 -1.30007454e-02 -9.86971792e-01 1.92135908e+00
 3.04626638e+01 -6.25425492e-01 -7.63643828e-01 2.01505794e+00
 3.00285990e+01 -4.84356906e-03 -1.45068569e+00 1.46094487e+00
 3.05733605e+01 3.54737312e-01 -1.11034657e-01 2.07474194e+00
 3.06320041e+01 8.42752851e-01 -8.96381216e-01 1.73542460e+00
 3.02503175e+01 1.58924779e+00 -6.01095556e-01 1.83383866e+00
 3.06690360e+01 2.42834044e+00 -2.05196857e-01 1.71616415e+00
 3.05983402e+01 -8.06195314e-01 -4.80683557e-01 1.89349494e+00
 3.01381565e+01 -4.39487063e-01 -5.02125971e-01 2.11849510e+00
 3.02780673e+01 -3.18259334e-01 -4.63928191e-01 1.83418796e+00
 3.05192788e+01 1.40007046e+00 -1.45812644e-01 1.86952674e+00
 3.08665717e+01 2.46656075e+00 -1.68401620e-01 1.77218242e+00
 3.05244682e+01 -1.10226442e+00 -1.12550678e+00 1.56135286e+00
 3.05990739e+01 -2.02718664e-01 -1.59212734e+00 1.69112229e+00
 3.03961456e+01 -1.18469060e+00 -4.56086906e-01 1.88762753e+00
 3.06315173e+01 1.46030440e+00 -3.97145428e-01 1.43444777e+00
 3.07197299e+01 -1.71947061e+00 -1.27826881e+00 2.19309896e+00
 3.05730285e+01 -1.12901507e+00 -2.89511883e-01 2.22993567e+00
 3.09024717e+01 -1.02090881e+00 -9.27930525e-01 1.89061281e+00
 3.09535235e+01 2.63125158e+00 -1.59941582e+00 1.67953320e+00
 3.09976233e+01 -9.30962247e-01 -1.03068564e+00 1.97391679e+00
 3.09039327e+01 9.63251433e-01 -1.49653349e+00 1.74204286e+00
 3.08616153e+01 -4.56820037e-01 -7.00119073e-01 1.79166511e+00
 3.06640102e+01 -1.10690949e-01 -5.02556107e-01 1.68064667e+00
 3.08904183e+01 -3.75115518e-01 4.52113890e-02 1.59280892e+00
 3.11162359e+01 -7.91039921e-01 -1.14409458e+00 1.54874642e+00
 3.07664940e+01 8.36929119e-01 -2.57160005e-02 1.60220821e+00
 3.05480668e+01 -5.29243844e-01 -8.35894279e-01 2.24555544e+00
 3.09307668e+01 1.32137416e+00 -1.10597734e+00 2.02039414e+00
 3.09326860e+01 -1.11853658e-01 2.37006891e-01 1.58189623e+00
 3.07456450e+01 3.92225269e-02 -7.12839596e-01 1.68096432e+00
 3.13223378e+01 1.48880081e+00 5.62503665e-01 2.08550139e+00
 3.08769532e+01 -8.49635297e-01 -8.58725250e-02 1.75101460e+00
 3.09382014e+01 6.78388323e-01 -1.06362237e+00 2.11167242e+00
 3.08657646e+01 8.33211715e-01 -5.21225892e-01 1.44244249e+00
 3.09685080e+01 8.64863871e-01 1.38661310e-01 1.55839428e+00
 3.10794824e+01 7.05126442e-01 -1.04863331e+00 1.71537747e+00
 3.13361329e+01 -9.45724406e-01 -5.51635482e-01 2.12050378e+00
 3.11280768e+01 5.38744255e-01 -7.90718995e-01 1.87491794e+00
 3.08717519e+01 -1.06834002e+00 -9.15709577e-01 1.62609316e+00
 3.07329650e+01 1.09008976e+00 -1.19709826e+00 1.83226600e+00
 3.09709307e+01 1.27077310e+00 -4.95455671e-01 1.75060305e+00
 3.10830706e+01 9.53439705e-01 -1.47496524e-01 2.02614924e+00
 3.11908408e+01 1.31056472e-01 -1.90065334e-01 1.60353158e+00
 3.09299350e+01 -1.70096097e+00 -6.69724814e-01 1.31842248e+00
 3.10327097e+01 8.23946077e-03 -1.76174358e+00 2.35820140e+00
 3.09984840e+01 -3.49319833e-01 -2.81782571e-01 1.78843271e+00
 3.11391196e+01 1.26828647e+00 -5.39144800e-01 1.87098846e+00
 3.08797191e+01 4.86878001e-01 -6.25507653e-01 2.02316279e+00
 3.11871875e+01 6.31541667e-01 -4.37242772e-01 2.15983186e+00
 3.12289673e+01 7.67660828e-01 -8.35131038e-01 1.47297021e+00
 3.10901803e+01 1.55475265e+00 -2.26792739e+00 1.64522201e+00
 3.13911314e+01 -7.25328583e-01 -6.13892765e-01 1.41107362e+00
 3.08015454e+01 1.04166477e+00 -8.00334582e-01 1.47210691e+00
 3.16082076e+01 1.82930729e-01 -7.00320403e-01 1.60629583e+00
 3.11411546e+01 3.42889985e-01 -5.73114231e-01 1.79294012e+00
 3.14616645e+01 4.70928182e-01 -1.40867894e+00 2.00408650e+00
 3.13109870e+01 1.31384424e+00 -1.24793675e+00 2.12269510e+00
 3.10696901e+01 1.96445742e+00 -7.46033976e-01 2.05641586e+00
 3.11986414e+01 -3.06554518e-01 -1.09432532e+00 1.54055595e+00
 3.12185665e+01 2.91514650e-01 6.14656949e-02 2.11289962e+00
 3.11422682e+01 2.52785054e-02 -1.56076888e+00 1.70103571e+00
 3.11065126e+01 -1.35449693e-01 -7.07402792e-01 1.78275925e+00
 3.12940771e+01 -2.52035675e-01 -6.26897507e-01 1.80714566e+00
 3.13514959e+01 1.35409930e+00 -6.16842557e-01 1.80385502e+00
 3.12446869e+01 -8.67553961e-01 -6.47835819e-01 1.43151179e+00
 3.12033215e+01 -8.93612590e-01 -7.39682544e-01 1.97816396e+00
 3.14614918e+01 1.82568307e+00 -5.66138836e-01 1.66986076e+00
 3.13825440e+01 -1.69895760e-01 -7.64245622e-01 2.11698721e+00
 3.11028693e+01 4.98026444e-01 -7.04530459e-01 1.61340010e+00
 3.12387820e+01 5.56217499e-02 -1.92243994e+00 1.42723144e+00
 3.10333989e+01 -4.66629493e-01 -8.03997085e-01 1.43389661e+00
 3.08894186e+01 -6.55725854e-01 -6.04486941e-01 2.05081966e+00
 3.13438884e+01 -1.55601953e+00 -1.66275791e+00 1.78844957e+00
 3.09394452e+01 7.88875074e-01 -1.16358674e+00 2.27324769e+00
 3.12319373e+01 4.00568060e-01 -5.56068136e-01 1.56535442e+00
 3.08664044e+01 3.35785292e-01 -9.09854880e-01 2.23846537e+00
 3.16310441e+01 1.07795347e+00 9.36663536e-02 2.18358564e+00
 3.11199382e+01 9.42025389e-01 -9.40388236e-01 1.67963391e+00
 3.12447127e+01 -1.32783246e+00 -5.63328790e-01 1.69382069e+00
 3.14627028e+01 -3.04287067e-01 -3.01867360e-01 1.53732904e+00
 3.11530472e+01 -1.35621008e+00 -1.14132495e+00 2.03596437e+00
 3.14545647e+01 3.79269946e-01 -8.05787001e-01 2.04967837e+00
 3.16853651e+01 -1.29061973e+00 -5.39311079e-01 1.81612846e+00
 3.12296615e+01 6.22165432e-01 -6.12371213e-01 1.68529586e+00
 3.14453245e+01 7.05005689e-01 -8.68667287e-01 1.89051170e+00
 3.14632056e+01 4.23408773e-01 -4.16041088e-01 1.77372724e+00
 3.16960146e+01 1.05927258e+00 -7.85786730e-01 1.65389242e+00
 3.14271533e+01 -4.58934552e-01 -7.34536468e-01 1.84527970e+00
 3.14037686e+01 5.60267666e-01 -8.62939629e-01 1.54297938e+00
 3.15713628e+01 2.30770728e+00 -1.85597989e+00 1.70812737e+00
 3.12278183e+01 6.33126492e-01 -1.23666590e+00 1.38704421e+00
 3.16483450e+01 1.88414715e+00 -1.19769199e-01 1.40686193e+00
 3.16775700e+01 -2.27717864e-01 -9.46668232e-01 1.55246004e+00
 3.16000730e+01 -5.78336925e-02 -9.35192290e-01 1.71211521e+00
 3.16476338e+01 1.33693342e-01 -8.36275541e-01 1.68332458e+00
 3.15792035e+01 -8.20282402e-02 -1.00189685e+00 2.21594516e+00
 3.14933979e+01 -5.80195113e-01 -1.32479722e+00 1.36032215e+00
 3.14381784e+01 9.20801757e-01 -1.04256049e+00 1.82513464e+00
 3.15979221e+01 -2.29218656e-01 -1.29956177e+00 1.95635583e+00
 3.13959731e+01 8.59304402e-01 -9.88407526e-01 2.08803438e+00
 3.14035512e+01 -1.02243070e+00 -4.80516355e-01 1.63931864e+00
 3.13205011e+01 5.21920197e-01 -2.75788091e-01 1.65685447e+00
 3.17483463e+01 -7.91003338e-01 -4.94423893e-01 1.65998947e+00
 3.12909531e+01 8.89356367e-01 -6.74326593e-01 1.61652892e+00
 3.15901055e+01 -5.37751340e-01 -1.55462055e+00 1.75023746e+00
 3.15151244e+01 -1.70568299e+00 5.01756012e-02 1.69160486e+00
 3.14215762e+01 8.89775659e-01 -9.33510890e-01 1.68666770e+00
 3.14053278e+01 1.38403450e-02 -3.98172944e-01 1.67955525e+00
 3.16380826e+01 2.38787402e+00 -4.75514828e-01 1.96865453e+00
 3.17549779e+01 -6.67590747e-01 -5.72054921e-01 1.70091358e+00
 3.15981296e+01 9.14051474e-01 -3.84404407e-01 1.54018086e+00
 3.13339195e+01 4.49319234e-01 -8.09547316e-01 1.64445303e+00
 3.17469592e+01 2.05340144e+00 -4.33196908e-01 1.79069656e+00
 3.13254270e+01 -8.44737862e-02 -4.66296281e-01 1.91646800e+00
 3.14106565e+01 1.55556218e+00 -1.46987930e+00 2.12924718e+00
 3.16747687e+01 -2.45771106e-01 -4.21018747e-01 2.18206502e+00
 3.17156313e+01 -6.21460832e-01 -1.02905844e+00 1.32301584e+00
 3.18289549e+01 4.99581425e-01 -2.28113343e-01 1.76662610e+00
 3.17205718e+01 -2.21563073e+00 -1.59293997e+00 1.73765081e+00
 3.15363827e+01 -4.37600153e-01 -7.17593316e-01 1.87884847e+00
 3.14158846e+01 -1.10034098e+00 -1.05966068e+00 2.08252874e+00
 3.12000703e+01 1.00250119e+00 -1.54398434e+00 1.87638649e+00
 3.15576245e+01 -1.97040952e+00 -6.44805698e-01 1.96491612e+00
 3.13989458e+01 1.59089250e+00 -1.10462668e+00 1.92233665e+00
 3.09228888e+01 -7.66044622e-01 -1.60856458e+00 2.05787621e+00
 3.12460497e+01 -6.84598958e-01 -7.31427822e-01 1.62684303e+00
 3.13273456e+01 7.88043115e-01 -1.26531815e+00 1.66240546e+00
 3.15212115e+01 3.69713978e-01 -6.73720815e-01 2.07954582e+00
 3.15311804e+01 7.55214219e-01 -6.74098236e-01 2.06679994e+00
 3.13892337e+01 -2.20449649e-01 -6.74759537e-01 1.74829314e+00
 3.15486185e+01 -1.20370207e+00 -1.73004677e-01 1.87154336e+00
 3.16090887e+01 6.49159505e-01 -8.73445113e-01 1.82618797e+00
 3.15659696e+01 -7.24936054e-01 -7.16919547e-01 1.62688125e+00
 3.15498539e+01 2.20804626e-01 -7.24334956e-01 1.62474310e+00
 3.15417823e+01 -4.15685902e-01 -1.17472795e+00 1.74371201e+00
 3.14823457e+01 -8.59603541e-01 -1.18135721e+00 1.77466716e+00
 3.14370384e+01 -1.77636479e-01 -6.99567232e-01 1.88956473e+00
 3.13792750e+01 5.91558099e-01 -1.00374299e+00 1.91039870e+00
 3.14061967e+01 9.82254033e-01 -3.47536434e-01 1.59027568e+00
 3.15889792e+01 1.69767411e-01 -7.37192124e-01 2.37461193e+00
 3.11450408e+01 8.37832877e-01 -9.46438524e-01 2.27895201e+00
 3.12882977e+01 -2.81902770e-01 -6.07467810e-01 2.20547747e+00
 3.13278492e+01 1.72939818e+00 -1.81822050e+00 1.92179499e+00
 3.11457451e+01 5.20449999e-01 -2.04742729e-01 1.98902873e+00
 3.16184035e+01 -1.12687587e+00 -1.17367953e-01 1.68171950e+00
 3.10934740e+01 4.25738188e-02 -8.91912270e-01 1.51204224e+00
 3.12999635e+01 6.51957469e-01 -9.27999620e-01 1.69860087e+00
 3.10559185e+01 1.47606301e+00 -1.00610904e+00 1.48994973e+00
 3.14754680e+01 7.66458600e-01 -6.08438675e-01 1.87514629e+00
 3.14621831e+01 1.73264839e-01 -8.90084096e-02 1.85456217e+00
 3.15735338e+01 2.81602562e-01 -1.06741444e+00 1.90657014e+00
 3.14495685e+01 8.80445073e-01 -9.35109305e-01 1.48337870e+00
 3.16933216e+01 4.73549099e-01 -6.33369548e-01 1.73963098e+00
 3.15239588e+01 1.70100045e+00 -2.26907931e-01 1.41723796e+00
 3.15923602e+01 -1.29634079e+00 -6.94377666e-01 1.81540184e+00
 3.16224388e+01 1.23414347e-01 2.02526300e-02 1.84807774e+00
 3.15443158e+01 1.14682645e+00 -8.97892768e-01 1.75529870e+00
 3.13929072e+01 6.28333967e-01 -5.75354037e-01 1.90878964e+00
 3.12761307e+01 -6.86954139e-01 -2.20727887e-01 1.90022910e+00
 3.16628631e+01 1.18498212e+00 -5.35759187e-01 1.80822998e+00
 3.17350869e+01 4.91033676e-01 -3.08429020e-01 1.46945621e+00
 3.13157087e+01 8.47795994e-02 1.79822615e-01 1.75824791e+00
 3.13874331e+01 3.25494737e-01 -1.06968079e+00 2.13258074e+00
 3.15717985e+01 5.68459908e-01 2.07766960e-01 1.68588387e+00
 3.14036483e+01 -3.37899273e-02 -4.82006847e-01 2.06178469e+00
 3.15510926e+01 1.30383050e-01 -2.77959246e-01 1.64906639e+00
 3.14251176e+01 9.16675578e-01 -7.11610753e-01 1.48352387e+00
 3.11340839e+01 -7.81683465e-01 8.86795340e-02 1.83219175e+00
 3.11928057e+01 5.21887246e-01 -3.72437713e-01 2.05409340e+00
 3.13916523e+01 -1.97807170e+00 1.61308831e-01 1.72114993e+00
 3.10791252e+01 -9.89991349e-01 -3.75393922e-01 2.20085065e+00
 3.11454740e+01 1.51093342e+00 -3.20511131e-01 1.74040676e+00
 3.13104671e+01 1.44523939e+00 1.26675829e-01 1.87922989e+00
 3.12558821e+01 -1.59949123e+00 -5.98914391e-01 2.14067202e+00
 3.14005185e+01 2.36167623e-01 -4.56666881e-01 1.44129682e+00
 3.10429131e+01 7.84747436e-01 -1.84747541e-01 1.79779648e+00
 3.12607380e+01 -1.10805748e+00 -1.84460670e-01 1.64179682e+00
 3.10246230e+01 -1.82286799e+00 -3.09375811e-01 1.56918810e+00
 3.12148678e+01 6.15462626e-01 -3.52594854e-03 1.93106502e+00
 3.13098464e+01 -2.49790966e-01 -6.33182407e-01 1.57463995e+00
 3.10305267e+01 4.88800905e-02 -1.04887845e+00 1.86734633e+00
 3.15409072e+01 -4.73832311e-01 -8.09424854e-01 1.68130010e+00
 3.12387167e+01 -2.54870653e+00 -1.40021491e+00 1.95949852e+00
 3.07972418e+01 2.89616053e-01 -9.14530796e-01 1.99677838e+00
 3.07477226e+01 -1.44963749e+00 -8.50747072e-01 1.85356727e+00
 3.13265293e+01 -6.37203042e-01 -9.53465329e-01 1.64956237e+00
 3.14022901e+01 -5.52219399e-01 3.98016472e-01 1.73704079e+00
 3.11612210e+01 -8.92858116e-02 7.15986956e-01 1.88887516e+00
 3.13939850e+01 -8.71017217e-01 -1.65098572e+00 1.36146679e+00
 3.11927561e+01 -1.98732078e+00 -9.90277737e-01 1.81736012e+00
 3.13423432e+01 -8.97982279e-02 5.44040580e-01 1.89135831e+00
 3.10044246e+01 -2.43320883e-01 5.73983494e-01 1.86406641e+00
 3.08544513e+01 -1.83071148e+00 -9.40425357e-02 1.84711466e+00
 3.06664093e+01 -5.94934523e-01 3.21509510e-01 1.40027098e+00
 3.08297375e+01 -8.12028711e-01 -9.88622298e-02 1.72176988e+00
 3.13282987e+01 6.01829277e-01 5.08041421e-01 2.09319658e+00
 3.11884152e+01 -1.13178886e+00 -7.65955573e-01 1.68494434e+00
 3.12210972e+01 9.66828978e-02 -1.23041813e+00 1.91180766e+00
 3.12845504e+01 -1.20899447e+00 5.13913805e-02 1.92221822e+00
 3.07636649e+01 8.20871082e-01 -5.26540102e-01 2.02729329e+00
 3.10719029e+01 -9.92002926e-01 3.85115143e-01 2.15910126e+00
 3.08507877e+01 -1.97261536e+00 3.63410869e-01 1.43645990e+00
 3.08394802e+01 1.85194316e-01 1.62523143e-01 1.93126436e+00
 3.13549438e+01 -1.89024803e+00 3.19682326e-01 1.68878270e+00
 3.12664397e+01 1.64341980e-01 -3.27849509e-01 1.56026208e+00
 3.12049329e+01 2.29156638e+00 -3.49704615e-01 1.54510336e+00
 3.10464901e+01 7.25111983e-02 2.06791240e-01 1.76510276e+00
 3.09474206e+01 -9.74241939e-01 -4.15053260e-01 1.79716312e+00
 3.08166019e+01 -4.77424844e-01 -3.08366987e-01 1.92397010e+00
 3.09178206e+01 5.78172009e-01 1.18270705e-01 2.29548074e+00
 3.07101370e+01 -1.29536116e+00 6.88474986e-02 2.00684389e+00
 3.09091630e+01 -5.27174473e-01 -3.13200090e-02 1.90313497e+00
 3.08746332e+01 -6.87876388e-01 3.53725494e-01 1.78773266e+00
 3.08101292e+01 -1.97224201e+00 -3.08764381e-01 1.71218486e+00
 3.09020302e+01 5.35193118e-01 -5.85302576e-01 1.72565983e+00
 3.08140115e+01 8.46460191e-01 -2.13910070e-01 1.68680028e+00
 3.09401917e+01 -1.65098297e+00 1.00251397e+00 1.59367624e+00
 3.06746542e+01 -6.42196020e-01 -1.95055859e-01 1.69126962e+00
 3.07078489e+01 -1.08355609e+00 -3.34586555e-01 1.96849613e+00
 3.06060490e+01 -1.01195260e+00 -8.25762046e-02 1.97879399e+00
 3.06862030e+01 -1.60723057e+00 -9.32757831e-01 1.69284671e+00
 3.01901215e+01 -7.29431056e-02 9.24680428e-03 1.78625760e+00
 3.08679490e+01 -9.42282979e-01 -1.59576549e-01 1.23838182e+00
 3.08257037e+01 -2.92202355e-01 6.91006397e-01 2.38209159e+00
 3.06404730e+01 2.07140034e+00 -8.35580780e-01 1.61171448e+00
 3.07321217e+01 -7.70456722e-01 -4.08576271e-01 1.38795652e+00
 3.02401908e+01 4.36583027e-01 -2.37180865e-01 1.60027260e+00
 3.08391667e+01 -1.49385452e+00 -7.84570766e-01 1.80478514e+00
 3.02052949e+01 -1.10315558e+00 -3.07861505e-01 1.92978199e+00
 3.03916495e+01 -1.09130576e+00 -4.62497780e-01 1.72671631e+00
 3.05467456e+01 2.61175568e-01 -1.85899204e-02 1.65210459e+00
 3.03707996e+01 -1.04932519e+00 -2.36887531e-01 1.39979467e+00
 3.05671799e+01 -2.61623632e+00 -6.96565291e-01 1.77043404e+00
 3.04281294e+01 -9.65595496e-01 -3.98580783e-01 1.51396026e+00
 3.04785491e+01 -8.52556980e-01 -6.33606324e-01 1.83128870e+00
 3.04844388e+01 -7.43646731e-01 -4.97427859e-01 1.95054584e+00
 3.03622747e+01 -1.12515500e+00 1.45204687e-01 2.18431316e+00
 3.02035018e+01 -1.37267463e+00 -7.95610297e-01 1.73916946e+00
 3.03350116e+01 3.99828135e-01 -3.98270736e-01 2.19863816e+00
 3.04765793e+01 -4.99090933e-01 -1.70185799e-01 1.98972067e+00
 2.98457106e+01 -1.34572477e-01 -5.71044395e-01 1.79969903e+00
 2.99811278e+01 -1.07705133e+00 -8.99782815e-01 1.65340322e+00
 3.00172191e+01 8.71690979e-01 -6.74183156e-01 2.06060498e+00
 2.98719720e+01 -1.82318200e+00 -6.24905917e-01 1.85624231e+00
 3.01145240e+01 -7.74524119e-01 -3.84608370e-01 1.55743011e+00
 3.04720213e+01 1.69527916e+00 -1.11461409e+00 2.45526906e+00
 3.01893958e+01 1.24369763e+00 -1.72346077e+00 1.54988552e+00
 3.00988601e+01 -1.36841386e+00 -1.44593378e+00 1.59442704e+00
 3.03955156e+01 1.71984749e-01 -4.97830242e-01 1.79413215e+00
 3.01308277e+01 -7.30520341e-01 -1.57453234e+00 1.85866094e+00
 3.00323911e+01 -2.49798281e+00 -1.08958550e+00 2.23817758e+00
 2.95498415e+01 -1.52522036e+00 -2.44671549e-01 1.66836840e+00
 2.97793140e+01 -1.45129444e+00 8.16410641e-03 1.55978981e+00
 3.00263963e+01 -1.33842007e+00 -3.55498366e-01 1.54449492e+00
 2.95845283e+01 -2.36471081e+00 1.67117161e-01 2.39032893e+00
 2.98526488e+01 6.95395372e-01 -3.57113052e-01 2.09270050e+00
 2.98347934e+01 -1.25360639e+00 -1.22897491e+00 1.54733507e+00
 2.97645385e+01 8.96451284e-01 -4.43467133e-01 1.81847460e+00
 2.99272411e+01 -3.48015745e-01 -7.31433823e-01 1.86935768e+00
 2.95807355e+01 6.50475516e-01 -3.90054514e-01 1.91240253e+00
 2.98597677e+01 -5.10234501e-01 -6.82274326e-01 1.86825027e+00
 2.96175641e+01 -1.26814296e+00 -9.61458072e-01 1.60771042e+00
 2.95014524e+01 9.63971455e-02 -5.15001912e-01 1.64458088e+00
 2.94911834e+01 -1.17024076e+00 -9.03148174e-01 1.65724167e+00
 2.91883434e+01 -1.16296764e+00 3.12625730e-01 1.84522398e+00
 2.94309086e+01 -1.15674245e+00 -2.11600710e-01 1.12752462e+00
 2.93642752e+01 1.07177081e+00 -1.90624098e-01 1.78796634e+00
 2.92328566e+01 -7.73719145e-01 -1.23890356e+00 1.61575118e+00
 2.93904345e+01 -5.33515757e-01 2.23889511e-01 1.55584574e+00
 2.95237754e+01 7.74337609e-01 -5.73761626e-01 1.92431212e+00
 2.97379434e+01 -5.59937065e-01 -1.45548967e+00 1.80186679e+00
 2.94843550e+01 6.50534375e-02 9.28144506e-03 2.01930098e+00
 2.97230658e+01 2.06346443e+00 -8.79930855e-01 2.14289757e+00
 2.97399011e+01 -2.45951114e-01 -8.33695819e-01 1.91573720e+00
 2.95234296e+01 7.30693426e-01 -5.90073985e-01 1.92333710e+00
 2.96801431e+01 -1.50534110e-01 -1.39136407e+00 2.01809408e+00
 2.96131044e+01 -5.82523090e-01 -8.21530149e-01 1.40587586e+00
 2.93440712e+01 -1.18831682e+00 -1.01822439e+00 1.56562634e+00
 2.96513864e+01 -2.85843138e-01 -1.51715649e+00 2.22385067e+00
 2.95380087e+01 1.94378432e-01 -1.05013426e+00 1.44327383e+00
 2.93126580e+01 1.35060873e+00 -8.32828978e-01 1.68183426e+00
 2.91589459e+01 -1.78537960e+00 -1.15061783e+00 1.72136437e+00
 2.93943768e+01 -1.76562720e-01 -1.03662492e+00 1.71342503e+00
 2.91674853e+01 3.40026553e-01 -1.30439781e+00 1.71372140e+00
 2.91778780e+01 5.88695071e-01 -1.10696593e+00 1.71835375e+00
 2.91848221e+01 -1.69478530e-01 -7.21199136e-01 1.03518013e+00
 2.91343926e+01 -6.08534421e-01 -1.63500792e+00 1.67033352e+00
 2.90057774e+01 6.35331402e-01 -8.33429729e-01 2.11357549e+00
 2.95173000e+01 -1.49336118e+00 7.26422973e-02 1.66064909e+00
 2.94279115e+01 1.30361747e-01 -8.40471914e-01 1.91059852e+00
 2.93944232e+01 -1.11305041e+00 -8.74160950e-01 2.04100593e+00
 2.91995673e+01 -3.70377092e-01 -2.29054402e-02 1.44546778e+00
 2.90927642e+01 -9.97068359e-01 -1.20073298e+00 1.51327714e+00
 2.92720935e+01 1.32913580e-01 -8.28339317e-01 2.14563616e+00
 2.93243215e+01 -2.44510314e-01 -9.01305235e-01 1.54262546e+00
 2.88922408e+01 2.75343693e-01 -1.28981848e+00 1.77098980e+00
 2.90014731e+01 4.42110991e-01 -9.71293417e-01 1.62628139e+00
 2.88145741e+01 -1.86592396e+00 -1.45882626e+00 1.62150204e+00
 2.87544401e+01 -2.47468261e-01 -1.15835616e+00 1.37247385e+00
 2.89957074e+01 6.49639629e-01 -1.13396603e+00 1.88168199e+00
 2.89476823e+01 -8.28712747e-01 -4.20711518e-01 1.82430487e+00
 2.85913906e+01 2.18438884e-02 -4.08877289e-01 2.03987898e+00
 2.91381497e+01 -2.27451710e+00 -1.33314445e+00 1.56494134e+00
 2.85606017e+01 -3.20445966e-01 -1.08263075e+00 1.41759795e+00
 2.87585502e+01 1.02240490e+00 -1.96185326e+00 2.03154596e+00
 2.88042414e+01 -1.36581991e+00 5.37074781e-01 1.59101191e+00
 2.88158601e+01 -7.62621371e-01 -4.55266225e-01 1.90678646e+00
 2.87707704e+01 8.10494677e-02 -1.18707079e+00 1.96947974e+00
 2.87722833e+01 1.59166141e-01 -1.20094466e+00 1.90140299e+00
 2.87337545e+01 -4.95823076e-01 -1.00645422e+00 1.90203138e+00
 2.89266118e+01 -5.81091190e-01 -4.92390489e-01 1.35098335e+00
 2.89184657e+01 1.54409427e-01 -3.68049926e-01 1.52090606e+00
 2.86443722e+01 1.02499917e+00 -7.30394550e-01 1.82847164e+00
 2.84499756e+01 -3.42112214e-01 -3.07930088e-02 1.77378096e+00
 2.85319193e+01 2.60783460e-01 -7.99012090e-01 1.82910233e+00
 2.87662119e+01 3.31160850e-02 -7.48692600e-01 1.54685263e+00
 2.88385424e+01 -1.02165625e+00 -7.90021358e-01 1.55904775e+00
 2.87442506e+01 -4.88766005e-01 -8.28666281e-01 2.26333898e+00
 2.83121206e+01 -1.09036523e-01 -9.11069651e-01 2.16609350e+00
 2.84537486e+01 -3.48796071e-01 -9.60213458e-01 1.72986316e+00
 2.86629635e+01 -1.46700037e+00 -5.82736300e-01 1.91313250e+00
 2.85711692e+01 -1.55227448e+00 -3.16140135e-01 1.67172486e+00
 2.87751796e+01 -1.50923651e+00 -1.36652884e+00 1.90020325e+00
 2.87703074e+01 -5.29130391e-01 -4.67801651e-01 1.58298808e+00
 2.83980168e+01 -1.52718736e+00 -6.41177514e-01 2.01754184e+00
 2.82837156e+01 -3.50354797e-01 -3.84980455e-01 1.83002009e+00
 2.86002053e+01 -2.63651280e+00 -6.25305103e-01 1.81028581e+00
 2.87516815e+01 7.00588648e-01 -1.72111116e-01 1.70495016e+00
 2.87347194e+01 -3.80975515e-02 -1.27522873e+00 1.98708358e+00
 2.85569661e+01 1.20770248e-01 -1.00747730e+00 1.97096060e+00
 2.88717961e+01 -4.74529211e-01 -8.00483347e-01 1.51023411e+00
 2.82831906e+01 -5.30839976e-01 -1.01266179e+00 2.02573566e+00
 2.82467403e+01 9.66589067e-02 -1.40319469e+00 1.56735893e+00
 2.81236027e+01 1.15455962e-01 -1.13835574e+00 1.53635512e+00
 2.85043691e+01 -5.64127033e-01 -1.35364127e-01 1.95138838e+00
 2.82462141e+01 -1.53122286e+00 -3.46237173e-02 1.53538219e+00
 2.86960046e+01 -2.94067238e-01 -5.69164588e-01 1.76812928e+00
 2.83123836e+01 7.16755261e-01 -8.12794789e-01 1.55333977e+00
 2.80034626e+01 -5.64028364e-01 -6.82794906e-01 1.59731300e+00
 2.81418715e+01 1.97826260e+00 -8.46389533e-01 1.87801193e+00
 2.81010243e+01 -2.36665567e+00 -2.31795834e-01 2.12876892e+00
 2.85723066e+01 -2.54762539e-02 -9.67555612e-01 1.86965979e+00
 2.81121174e+01 -7.72670867e-01 -6.62146176e-01 1.98577753e+00
 2.84542502e+01 -1.58434072e+00 -7.02251180e-01 1.79156850e+00
 2.80718464e+01 -2.91576938e-01 -9.45651931e-01 2.10692009e+00
 2.78166032e+01 -1.68687669e+00 -8.96614979e-01 1.73606471e+00
 2.84017422e+01 -1.71757101e+00 -7.06730508e-01 1.74267115e+00
 2.82355580e+01 5.79486811e-01 -6.62266464e-01 1.50105057e+00
 2.77530397e+01 -6.54353894e-01 -3.46958855e-01 1.64138036e+00
 2.79259502e+01 -1.08450497e+00 3.23327049e-01 1.50738492e+00
 2.80721517e+01 6.40358297e-02 -1.10397761e+00 1.98806875e+00
 2.82727838e+01 -1.16895896e+00 -5.65085684e-01 1.93753099e+00
 2.84347813e+01 3.72202141e-01 -1.48850997e+00 1.40568549e+00
 2.81332946e+01 -7.93738897e-01 -6.98472891e-01 1.58050440e+00
 2.82822065e+01 1.96226248e-01 -7.00274627e-01 1.78952717e+00
 2.80250283e+01 -5.92177639e-01 -7.00584499e-01 1.96064290e+00
 2.80358936e+01 2.08828656e-01 -6.82449627e-01 1.30536747e+00
 2.80686971e+01 1.69581831e+00 -1.80113400e-01 1.44166640e+00
 2.78789814e+01 -4.70322593e-01 -5.10260539e-01 1.78686127e+00
 2.80746541e+01 -2.67589727e-01 -1.24777273e+00 1.65800986e+00
 2.79813406e+01 -1.59579721e+00 -5.24590940e-01 1.99996512e+00
 2.78170568e+01 -2.93101210e-01 -1.30594180e-01 1.76115621e+00
 2.79944304e+01 1.84650450e-01 -3.19793113e-01 1.79952200e+00
 2.78113944e+01 -3.83020162e-01 2.79817158e-02 1.86815795e+00
 2.78169591e+01 1.61415127e+00 -2.14557552e-02 1.64789614e+00
 2.76968326e+01 6.33397491e-01 -4.16864939e-01 1.62807658e+00
 2.78490389e+01 -1.56021204e+00 8.55418861e-01 1.35488357e+00
 2.77408989e+01 -1.96425406e+00 1.11736831e+00 1.87041712e+00
 2.75011695e+01 -3.51481056e-01 -9.66833332e-01 2.07388217e+00
 2.78470141e+01 6.39157542e-01 3.06776788e-01 1.92160574e+00
 2.74622782e+01 -8.45470885e-02 -1.08471619e-01 1.99708212e+00
 2.79848078e+01 1.52222704e-01 -1.10450501e+00 1.42985584e+00
 2.82834040e+01 -3.44170083e-01 -2.31347403e-01 1.79575707e+00
 2.79947019e+01 -2.48083908e+00 -7.00196737e-01 1.52380952e+00
 2.73359643e+01 -2.48393361e+00 3.35518748e-01 2.12255361e+00
 2.77337928e+01 -9.82931582e-01 4.54613318e-01 1.59041172e+00
 2.73896377e+01 -2.64613889e+00 -2.46707492e-01 1.65704480e+00
 2.77177156e+01 -1.78954108e+00 -1.30725613e-01 1.90668875e+00
 2.77204308e+01 -7.80993799e-01 6.50549108e-01 1.27980466e+00
 2.72818376e+01 -5.89608185e-01 -1.59477516e-01 1.79110921e+00
 2.73354820e+01 -2.28274338e+00 -1.16191157e-01 1.61405918e+00
 2.74902567e+01 9.72405583e-02 5.59218142e-01 2.29315811e+00
 2.72097225e+01 -1.58321377e+00 -7.13396199e-01 1.19802197e+00
 2.73720887e+01 -2.43423963e-01 -5.30905186e-01 2.02957554e+00
 2.74759936e+01 -1.15858201e+00 2.09819463e-01 2.22867835e+00
 2.72717696e+01 -2.69602562e-01 -4.55848603e-01 1.74109580e+00
 2.74002842e+01 -1.52999562e-02 -2.73641077e-03 1.32284054e+00
 2.69972503e+01 6.95329179e-01 -3.00914005e-01 1.63211994e+00
 2.72511663e+01 -1.52532706e+00 4.57362754e-01 1.69255417e+00
 2.70548678e+01 -1.14600585e-01 -1.25883728e+00 2.22528742e+00
 2.70591166e+01 -1.90387293e-01 6.98505686e-01 2.20761695e+00
 2.67168371e+01 -2.54750671e-01 7.39608434e-01 1.66084045e+00
 2.72802177e+01 2.57404413e-02 -1.07064899e+00 1.75614533e+00
 2.68411269e+01 4.87753995e-01 3.72514026e-01 2.05865310e+00
 2.68345132e+01 -2.33199541e+00 6.29401660e-01 1.53170976e+00
 2.72758275e+01 -2.46059027e-01 2.26996250e-01 1.81710445e+00
 2.70345323e+01 -1.19683630e-01 1.34814188e+00 1.81497202e+00
 2.66213671e+01 -5.55195821e-02 4.91726177e-01 1.28039925e+00
 2.72544907e+01 -1.12128456e+00 3.16167633e-01 1.83660652e+00
 2.71119239e+01 -1.95772081e+00 4.12891854e-01 1.41696941e+00
 2.67576701e+01 -2.07127393e+00 9.91531171e-01 1.70736665e+00
 2.67039491e+01 -1.28800545e+00 9.56394643e-01 1.84323158e+00
 2.72889298e+01 -1.11356661e+00 6.43040201e-02 1.52757157e+00
 2.70479297e+01 -1.07356588e+00 1.15989443e+00 1.91665584e+00
 2.67809979e+01 -1.66010208e+00 1.43576539e+00 1.60916021e+00
 2.71612273e+01 -2.87755456e-01 6.86399415e-01 2.13737671e+00
 2.72931930e+01 -9.71046694e-01 3.96685971e-01 1.87364632e+00
 2.66953132e+01 -9.88659630e-02 5.43585134e-01 1.62093446e+00
 2.70033778e+01 1.82662705e-01 -1.89322098e-01 1.50114099e+00
 2.66406508e+01 -5.18218094e-01 1.51803460e-01 1.53626368e+00
 2.68301681e+01 -1.29729559e+00 2.77347944e-01 1.52411000e+00
 2.69860665e+01 -1.18953330e+00 2.97958110e-01 1.80011900e+00
 2.70180942e+01 1.10957821e+00 -2.42704768e-01 1.53200423e+00
 2.66186925e+01 6.93135208e-01 3.38261434e-01 1.66540668e+00
 2.67104963e+01 8.33402583e-01 6.54256872e-01 1.81987834e+00
 2.68173415e+01 -1.12406153e+00 1.00159883e+00 1.50356466e+00
 2.66090643e+01 -1.74456628e+00 3.20054700e-01 1.47800398e+00
 2.64955358e+01 9.48804492e-01 1.49289332e+00 1.47468834e+00
 2.68364668e+01 1.95634433e+00 1.53221374e+00 1.77703464e+00
 2.65897135e+01 3.49085051e-01 -3.47826167e-01 1.69565079e+00
 2.67369745e+01 -4.44557039e-01 5.69110475e-02 1.94446104e+00
 2.66252740e+01 1.25496706e-01 5.52770563e-01 1.95165299e+00
 2.67934553e+01 -9.69778466e-01 2.12599537e+00 1.78645857e+00
 2.66988689e+01 -2.52667177e-01 1.27979031e+00 2.21997842e+00
 2.65101701e+01 -7.15077268e-01 1.02726456e+00 1.54115224e+00
 2.64496290e+01 -1.11946143e+00 9.63243724e-01 2.04248992e+00
 2.70469592e+01 -1.82795717e-01 4.09638036e-01 2.02316713e+00
 2.67060394e+01 1.15688020e+00 1.11235916e+00 1.98332723e+00
 2.66851061e+01 -1.35187193e-01 9.68081416e-01 1.82209444e+00
 2.62719416e+01 -1.31956122e+00 3.13754992e-01 1.26349042e+00
 2.67344294e+01 -1.62107307e+00 1.25006015e+00 1.34474524e+00
 2.65140578e+01 -1.01766718e-01 7.50170664e-01 1.89824207e+00
 2.67456989e+01 -8.97201848e-01 8.40511289e-01 1.54570803e+00
 2.63007662e+01 -5.88397703e-01 3.63008473e-01 1.43508170e+00
 2.63431490e+01 -5.02432503e-01 7.75394485e-01 1.65687509e+00
 2.63294230e+01 5.74057209e-01 8.12491859e-01 1.79541334e+00
 2.67858542e+01 -6.63769602e-01 1.70404398e+00 1.84559055e+00
 2.61740350e+01 -7.28874737e-01 8.45878155e-01 1.88527450e+00
 2.61933146e+01 1.52231955e+00 5.58981376e-01 1.31889157e+00
 2.62786035e+01 -1.16152308e+00 1.49554885e+00 1.86908267e+00
 2.57550587e+01 -8.45390623e-01 1.11114864e+00 1.86571519e+00
 2.65080074e+01 -7.61290519e-01 1.39572278e+00 1.62107708e+00
 2.62643162e+01 -2.75786477e+00 7.05254113e-01 1.70895872e+00
 2.61227421e+01 -4.12721244e-01 1.19452677e+00 2.08221302e+00
 2.61972264e+01 9.05006530e-01 1.53133346e+00 1.66633171e+00
 2.60065044e+01 4.65559979e-01 9.71277404e-01 1.79350243e+00
 2.58641377e+01 8.82781241e-01 8.99891871e-01 1.80262819e+00
 2.59359543e+01 -1.10079396e+00 8.52529917e-01 1.98506401e+00
 2.62483600e+01 -1.47225087e+00 1.08348065e+00 1.12658616e+00
 2.61198801e+01 9.09849309e-01 -2.08853575e-01 1.86647682e+00
 2.60829233e+01 -5.32992679e-01 5.41106531e-01 2.16298392e+00
 2.60677320e+01 1.02314654e+00 1.09696011e+00 1.59127978e+00
 2.60977957e+01 -1.11991802e+00 1.07230173e+00 1.61599053e+00
 2.59645176e+01 -1.41639227e+00 3.98377313e-01 1.85624347e+00
 2.64014478e+01 7.67768885e-01 1.25503225e+00 1.57992115e+00
 2.61552584e+01 -3.50649819e-01 8.94942951e-01 2.36994237e+00
 2.57174863e+01 3.27566029e-01 1.32688993e+00 1.94922252e+00
 2.56998158e+01 -1.93071921e+00 1.44381695e+00 1.69223060e+00
 2.59083135e+01 -7.67902230e-02 7.71619380e-01 1.88008371e+00
 2.57915189e+01 -1.44287436e+00 1.42502488e+00 1.50167111e+00
 2.59433724e+01 2.15057096e-01 8.61194235e-01 1.77453891e+00
 2.54398707e+01 8.18585160e-02 8.88060892e-01 2.05381168e+00
 2.61383481e+01 2.44004109e-01 1.62582678e+00 1.58774423e+00
 2.57647359e+01 -1.29019809e+00 1.46228889e-01 1.20500414e+00
 2.60494490e+01 -1.67039310e+00 1.32801098e+00 1.80299330e+00
 2.56733354e+01 -1.26563815e-01 5.88622547e-01 1.91840755e+00
 2.57160988e+01 2.79473344e-01 8.30377269e-01 1.71762995e+00
 2.58479237e+01 1.02665869e+00 1.57052280e+00 1.72743271e+00
 2.55825280e+01 -1.28072221e+00 9.76204230e-01 1.88203049e+00
 2.58162481e+01 -2.14882114e+00 4.97574131e-01 1.77208819e+00
 2.56475718e+01 -1.13026149e+00 1.49181526e-01 1.95164710e+00
 2.54712965e+01 -8.78240234e-01 1.14574875e+00 1.69256876e+00
 2.52797501e+01 -4.93950105e-01 5.45382854e-01 1.64158324e+00
 2.54152367e+01 -1.24177377e+00 5.24702952e-01 1.47182148e+00
 2.52691764e+01 -2.36598437e-01 7.25344297e-01 1.66222214e+00
 2.54091447e+01 3.83277757e-01 4.79700331e-01 1.68487606e+00
 2.54769250e+01 -7.25969805e-01 9.37187899e-01 2.03859587e+00
 2.56608829e+01 -1.29368365e+00 7.56991337e-02 1.64426443e+00
 2.49855162e+01 -1.20750146e-01 -4.50690777e-01 1.67360811e+00
 2.55195818e+01 -4.34278698e-01 8.43048780e-01 1.59849215e+00
 2.55570201e+01 -1.45953289e+00 5.37864615e-01 1.86532804e+00
 2.54714936e+01 8.92470845e-01 8.03038779e-01 1.52578163e+00
 2.52946009e+01 -7.73678915e-01 4.13001857e-01 2.01734447e+00
 2.49814650e+01 3.11574949e-01 8.03902320e-01 2.08079928e+00
 2.50598267e+01 -2.55714347e-01 1.62950017e-01 1.71579162e+00
 2.51112582e+01 6.01444052e-02 1.47504021e+00 2.14020626e+00
 2.51001804e+01 -2.59227141e-01 7.50320875e-01 1.54619805e+00
 2.53913427e+01 7.08275084e-02 3.11754362e-01 1.90624505e+00
 2.53031722e+01 -2.32536358e+00 3.26922905e-01 1.79301242e+00
 2.51748190e+01 9.06752572e-01 8.35501659e-01 1.44899622e+00
 2.52907112e+01 1.11494517e+00 5.27980301e-01 1.73641292e+00
 2.50430488e+01 -1.00541166e+00 -3.41460478e-01 1.58349481e+00
 2.46064443e+01 -4.88032746e-01 6.45259993e-01 1.56786749e+00
 2.50405597e+01 -4.85360858e-01 6.19293888e-01 2.00344119e+00
 2.44818888e+01 4.12605746e-01 1.28089400e+00 2.22176080e+00
 2.47473071e+01 -2.09875373e+00 6.80292124e-01 2.23460083e+00
 2.49346866e+01 -1.25968390e+00 4.69272884e-01 1.80037929e+00
 2.46051508e+01 -2.71382274e+00 -3.12678741e-01 1.86072903e+00
 2.50716958e+01 -2.27507687e-01 5.14574355e-01 1.92399663e+00
 2.46247329e+01 1.90152988e+00 5.61673280e-01 1.92866918e+00
 2.48271975e+01 4.14124754e-01 1.00685460e-02 1.61853590e+00
 2.46028091e+01 -9.63600517e-01 5.51825729e-01 1.64093137e+00
 2.47284365e+01 -1.96746517e+00 6.68318845e-02 2.00804023e+00
 2.46534119e+01 6.82180550e-01 2.47597807e-01 1.72768278e+00
 2.46992621e+01 -8.68282915e-01 3.46525575e-01 1.84015944e+00
 2.49954567e+01 2.70308667e-01 5.05724992e-01 1.35571954e+00
 2.46597546e+01 -9.66325064e-01 9.11120766e-01 1.54216945e+00
 2.44878594e+01 -2.62463208e+00 2.70170057e-01 1.66081844e+00
 2.46206384e+01 -8.85711952e-01 3.16992455e-01 1.74176082e+00
 2.44240947e+01 1.25009715e+00 2.51237260e-01 1.44223586e+00
 2.46987543e+01 -4.56905952e-01 1.20607123e-01 1.86806286e+00
 2.46975885e+01 -6.48337770e-01 1.77179402e-02 1.55401586e+00
 2.44906907e+01 -8.76852369e-01 -1.68513593e-01 2.19563573e+00
 2.43736409e+01 -8.13988569e-01 1.61364597e-01 1.56618470e+00
 2.44617239e+01 -1.80107848e+00 -1.64248020e-01 1.51908908e+00
 2.45528901e+01 3.60081531e-01 6.40551976e-02 2.04051384e+00
 2.47136712e+01 -1.76479770e+00 4.75514772e-01 1.50585102e+00
 2.45819257e+01 1.21719853e-01 2.94285588e-01 1.74604931e+00
 2.48479337e+01 1.22121403e+00 1.73775426e-01 2.27372936e+00
 2.44725515e+01 3.28429271e-01 1.40205493e-01 1.97260360e+00
 2.42894615e+01 -1.38975578e-02 3.83781237e-01 2.34651758e+00
 2.40411691e+01 -9.43517975e-01 9.16289137e-01 1.60349603e+00
 2.44107762e+01 1.96805610e-01 3.37988903e-01 1.91200662e+00
 2.47927234e+01 -7.75111415e-01 8.04233402e-01 2.29335874e+00
 2.45502765e+01 -2.87426897e-01 -7.75542612e-02 1.48054867e+00
 2.47105285e+01 -1.87921417e+00 4.76932936e-01 1.70354497e+00
 2.43820674e+01 -1.74885785e+00 1.68286247e-01 1.73560075e+00
 2.44006606e+01 -4.17937856e-01 2.72382110e-01 2.09165802e+00
 2.44430056e+01 -9.61139335e-01 3.80649530e-01 1.62223682e+00
 2.40099421e+01 -3.87089543e-03 1.01202189e+00 1.94191479e+00
 2.40890319e+01 2.77815907e-01 8.05484076e-01 1.71997021e+00
 2.42120144e+01 7.82902066e-01 -1.77927446e-01 1.87463544e+00
 2.46811737e+01 1.24411269e-01 2.60260219e-01 2.14164117e+00
 2.43786874e+01 -2.86879329e+00 6.44527817e-01 1.81150028e+00
 2.47989610e+01 -2.11621083e+00 5.32378373e-02 1.98125384e+00
 2.43148001e+01 -4.26273467e-01 -1.36941383e-01 1.62476212e+00
 2.42864601e+01 -1.34719538e-02 -7.30159893e-01 1.81392666e+00
 2.48620029e+01 -4.67308356e-01 7.03055101e-01 1.72110721e+00
 2.42517197e+01 9.03878106e-01 4.43418742e-01 1.91588313e+00
 2.46257755e+01 -8.75437191e-01 2.73371330e-01 2.09201302e+00
 2.44014850e+01 -3.15834804e-01 1.25994296e+00 2.16743494e+00
 2.44096756e+01 -7.26381743e-01 -6.18425096e-01 1.60110677e+00
 2.46888338e+01 1.11569583e+00 -5.40380072e-01 2.36726788e+00
 2.39836762e+01 -1.34116258e+00 -5.97597448e-01 1.93780260e+00
 2.43246782e+01 1.46710926e+00 2.84337539e-01 1.78330728e+00
 2.45564344e+01 1.48686587e-02 -2.34783037e-01 1.52764117e+00
 2.40553661e+01 -6.23691607e-01 -2.51457436e-01 1.86525493e+00
 2.46032453e+01 -2.26130550e+00 -8.22998653e-01 1.91579335e+00
 2.43895402e+01 1.11644346e+00 1.96305396e-01 1.65497420e+00
 2.38925418e+01 1.03180726e+00 4.22906092e-01 1.84334199e+00
 2.44914601e+01 -7.60023803e-01 -1.84439840e-01 1.75123362e+00
 2.40884999e+01 2.06335156e+00 2.13882010e-01 2.13190915e+00
 2.44368220e+01 -2.15503683e-01 -9.25439319e-01 1.39552492e+00
 2.41029594e+01 3.78422446e-01 4.00224831e-01 1.59729913e+00
 2.41798904e+01 -1.57645343e-01 -7.34364392e-01 1.72852253e+00
 2.42378290e+01 -6.78526263e-01 2.55439064e-01 1.76435841e+00
 2.42325935e+01 5.48399587e-01 3.27427855e-01 1.92060567e+00
 2.40699040e+01 3.13887746e-01 8.35685507e-01 1.79811520e+00
 2.44065522e+01 -5.39934246e-01 -2.36915815e-01 1.35801130e+00
 2.45103583e+01 8.51498005e-01 -5.56518666e-01 1.62777183e+00
 2.41821162e+01 2.16953277e-01 2.98762281e-01 1.54293982e+00
 2.45791156e+01 1.26259635e+00 4.03600345e-01 1.76164177e+00
 2.48744773e+01 6.43509144e-01 -2.72401227e-01 1.73384809e+00
 2.47047772e+01 -5.65615313e-01 5.40127003e-01 1.79763127e+00
 2.45918148e+01 -8.13166360e-01 4.47708843e-01 1.45517603e+00
 2.46095758e+01 4.37341154e-01 1.60098520e-02 1.73840976e+00
 2.45238983e+01 -8.28307148e-01 -4.98602464e-01 2.23786739e+00
 2.43522678e+01 6.61060962e-01 -2.40539949e-01 1.82939991e+00
 2.46258585e+01 5.91463791e-02 -3.77827624e-01 1.52908371e+00
 2.38569899e+01 -6.59787644e-01 6.75740382e-01 2.04494607e+00
 2.40115486e+01 2.95255405e+00 -1.01103378e+00 1.92478651e+00
 2.48778696e+01 9.91385403e-01 -4.11548068e-01 1.68290586e+00
 2.46208722e+01 -9.89495224e-01 -4.99722573e-02 1.92337068e+00
 2.44962296e+01 6.22302064e-01 -4.78679217e-01 1.38375034e+00
 2.42247170e+01 1.53768310e+00 -5.91014233e-03 2.14428504e+00
 2.44600967e+01 -8.33709872e-01 -4.51609612e-01 1.85122948e+00
 2.45477261e+01 2.81212975e+00 -2.61233473e-01 1.70998549e+00
 2.44726539e+01 1.96567036e-01 -3.78639071e-03 1.65548575e+00
 2.45083504e+01 -6.02625470e-01 2.70430951e-01 2.40276173e+00
 2.43419515e+01 9.51121074e-01 5.56028993e-01 1.66768884e+00
 2.43651757e+01 -3.16238889e-02 -1.20403846e-01 1.67961085e+00
 2.45182901e+01 1.30972945e+00 -1.38217353e-01 2.19363027e+00
 2.47257522e+01 2.14963253e+00 -4.68319577e-02 2.10753250e+00
 2.44271182e+01 3.84208987e-01 -9.17824814e-01 1.50132237e+00
 2.43054975e+01 1.74143865e+00 9.38370262e-02 1.73364608e+00
 2.43266024e+01 -8.07599372e-01 -1.07808189e+00 1.43817732e+00
 2.46418559e+01 1.77024923e-01 -8.40683670e-01 1.97919290e+00
 2.48713300e+01 -2.19855627e-01 -7.42311680e-01 1.96004292e+00
 2.51080556e+01 2.80958444e-01 -5.50431254e-01 1.97479636e+00
 2.48055826e+01 7.72849440e-01 -5.52685393e-01 1.30692622e+00
 2.45682153e+01 1.03640158e+00 -2.56990141e-01 1.83226977e+00
 2.45897864e+01 -1.21903601e-01 -2.76666358e-02 1.95718459e+00
 2.43893047e+01 3.11253515e+00 -6.72669470e-01 1.95314265e+00
 2.48574215e+01 -1.85312434e-01 -9.92827784e-01 1.73433139e+00
 2.45264558e+01 -1.13728001e+00 -4.57535005e-01 1.78025414e+00
 2.46693914e+01 -5.19950676e-01 1.30196399e-01 1.56426371e+00
 2.48456233e+01 1.11879173e-01 1.94013053e-01 2.08070792e+00
 2.44657319e+01 -1.50339907e+00 5.17688752e-01 1.34184542e+00
 2.46818549e+01 4.16874613e-01 6.84448202e-01 1.28525225e+00
 2.48180465e+01 -2.24599861e+00 -9.70895796e-02 1.17189189e+00
 2.46419769e+01 1.47756865e+00 3.34882912e-01 1.84784706e+00
 2.49468650e+01 -5.17661910e-01 -4.00479714e-01 2.10615906e+00
 2.48567617e+01 6.60540894e-01 -1.26849928e+00 1.93609788e+00
 2.49992994e+01 8.95718785e-01 1.26539872e-01 2.28014105e+00
 2.49627529e+01 -7.24912627e-01 -1.32295027e-02 1.80420446e+00
 2.48735466e+01 1.62614661e+00 4.17952834e-01 1.80717825e+00
 2.51735720e+01 2.95512555e-01 -3.91413753e-01 1.94626200e+00
 2.47373220e+01 5.14921599e-01 -3.23879407e-01 1.86889531e+00
 2.48539325e+01 1.01574126e+00 -1.14654716e+00 2.37126969e+00
 2.45813240e+01 9.89284007e-01 -1.11387522e-02 2.13582394e+00
 2.48050488e+01 7.31488466e-01 -7.39785175e-01 1.63455041e+00
 2.49262494e+01 -1.42684226e+00 -9.64878984e-01 1.76966883e+00
 2.51140845e+01 6.97003905e-01 -7.92278645e-01 1.95530249e+00
 2.48956173e+01 2.26593383e-02 -2.14260040e-01 1.91521106e+00
 2.48102145e+01 6.90401517e-01 -1.07823112e-01 1.98791314e+00
 2.53189514e+01 -9.00577501e-01 -1.65900495e+00 1.48748766e+00
 2.47546979e+01 -8.14285231e-02 4.65157385e-02 1.95756913e+00
 2.50189622e+01 1.07168999e+00 3.30733218e-01 1.52728125e+00
 2.48561176e+01 4.50902799e-01 -5.38028708e-01 1.40728518e+00
 2.48916257e+01 1.05696232e+00 -5.81409562e-01 1.88118526e+00
 2.48454235e+01 -9.17581226e-01 -6.00647016e-01 1.56111358e+00
 2.51610372e+01 7.41027109e-01 6.68409986e-01 1.76497484e+00
 2.52304795e+01 1.86909937e+00 -5.38795354e-01 1.99813649e+00
 2.49336110e+01 5.42280523e-01 -1.00153468e-01 1.77757442e+00
 2.50826863e+01 8.48961290e-01 -3.70880212e-01 2.08234577e+00
 2.51747644e+01 1.06842802e-01 1.75190797e-01 1.83738546e+00
 2.51633045e+01 6.92970873e-01 -4.16321159e-02 1.76521489e+00
 2.54015350e+01 1.30019598e-02 -4.51313610e-02 2.16567816e+00
 2.48007497e+01 -3.51843874e-01 -5.75631117e-01 1.86072124e+00
 2.51894233e+01 2.02691040e-01 3.01613812e-02 1.69326494e+00
 2.51174492e+01 5.88451057e-01 2.36427231e-01 1.48233555e+00
 2.50591752e+01 -5.91129045e-01 -1.17266586e+00 1.73386894e+00
 2.54747145e+01 -1.14069318e-01 -8.58069234e-01 2.02547921e+00
 2.54177644e+01 5.68197629e-02 -7.17939878e-01 2.07712625e+00
 2.53617731e+01 3.80502939e-01 1.73252784e-01 2.14222561e+00
 2.53100626e+01 -5.27231955e-01 -4.41529790e-01 1.66920479e+00
 2.52587746e+01 -2.00844427e-01 7.15893634e-01 1.51275491e+00
 2.56026730e+01 1.24819393e+00 -2.21874828e-04 1.95528883e+00
 2.56770039e+01 7.72961253e-01 -4.94766044e-01 1.56567007e+00
 2.53864329e+01 6.91856260e-02 -1.89515575e-02 2.35940171e+00
 2.55122731e+01 1.05532960e+00 1.29038867e-01 1.91971541e+00
 2.53203291e+01 1.38596273e+00 -1.17024353e-01 1.76370016e+00
 2.53911886e+01 5.01030099e-01 -6.90287150e-01 1.64380871e+00
 2.54468966e+01 1.36405778e+00 -5.59532257e-01 2.17926611e+00
 2.52003816e+01 2.27029166e+00 1.69103962e-01 1.75315926e+00
 2.56575720e+01 -1.43387070e+00 7.95082071e-02 1.96505267e+00
 2.59027886e+01 8.17473571e-01 -1.22683046e-01 2.02451641e+00
 2.54028937e+01 -5.96694903e-01 -5.20622932e-01 2.08867568e+00
 2.56435123e+01 9.49583115e-01 -3.01231454e-02 1.50203385e+00
 2.52984181e+01 -7.78977786e-01 4.67497747e-02 1.90014918e+00
 2.56083329e+01 7.17823671e-01 -2.26038777e-01 1.68225310e+00
 2.53891509e+01 -7.00272072e-02 -3.79773848e-01 1.92546123e+00
 2.56675932e+01 7.02934158e-01 3.05486192e-02 1.70756952e+00
 2.54267567e+01 6.97889792e-01 -7.01431572e-01 1.48604682e+00
 2.57847943e+01 3.24728487e-01 -2.31383207e-01 2.12040880e+00
