 2.99038794e+01 1.65566736e+00 4.42946006e-01 2.22247055e+00
 2.97117279e+01 7.35317743e-01 -3.34186229e-01 2.79758733e+00
 2.98675472e+01 -2.33772190e+00 3.74596083e-01 2.45156582e+00
 2.87298309e+01 6.56558113e-01 2.15718999e-01 2.65801095e+00
 3.04987863e+01 2.70811233e-01 -3.33589765e-01 2.40912571e+00
 2.95493764e+01 -1.38759165e+00 8.32815914e-01 2.67241948e+00
 3.01778392e+01 5.95562820e-01 1.38251807e-03 2.83180904e+00
 3.05787107e+01 -2.60723708e-01 -7.37599856e-01 2.41818323e+00
 2.96241719e+01 1.03425908e+00 -1.40423905e-01 2.26072216e+00
 3.04602929e+01 -1.41104990e+00 -2.02541471e-01 2.90517056e+00
 3.07598187e+01 6.78393676e-01 -1.08779649e-02 1.83701919e+00
 3.02741648e+01 5.89555887e-01 -6.98347561e-02 2.45024484e+00
 3.00393689e+01 -5.69843451e-01 1.49926767e-01 1.93509685e+00
 2.95958369e+01 -6.84740144e-01 -3.23058821e-02 2.45099474e+00
 2.98051928e+01 1.14058310e+00 -6.41683526e-01 2.77957256e+00
 2.97122193e+01 2.71426741e-01 3.55524842e-01 2.59159517e+00
 3.01573530e+01 2.92683414e-02 6.96690163e-01 2.69630846e+00
 3.02544086e+01 5.89679596e-01 5.12436050e-01 2.59227421e+00
 3.01171531e+01 -8.73841338e-01 9.12998975e-02 2.03212238e+00
 2.95056665e+01 5.63592112e-01 5.90995722e-01 2.19840714e+00
 3.07034739e+01 -2.69850572e-01 -7.11325229e-01 2.57944035e+00
 3.01970188e+01 1.06603412e+00 5.77484367e-01 2.58608495e+00
 3.04825684e+01 3.01560031e-01 8.71043662e-02 2.27981232e+00
 2.95846363e+01 1.70833093e-01 7.36473011e-01 2.49416549e+00
 3.03486766e+01 -3.73203156e-01 -4.36356119e-01 2.44289730e+00
 3.01255204e+01 -8.91445796e-01 -3.94616589e-02 2.60559500e+00
 2.92038134e+01 9.29769857e-01 -4.47066345e-01 2.57651116e+00
 2.90701508e+01 -1.13207827e-01 -8.14272225e-02 2.49032778e+00
 3.03942373e+01 1.39986764e+00 -7.56737701e-01 2.49633644e+00
 2.95711597e+01 5.20510986e-01 6.07491647e-01 2.51319351e+00
 3.03839067e+01 6.45509834e-01 6.41239682e-01 2.32589333e+00
 3.09602350e+01 -8.88250150e-01 5.35159921e-01 2.19503512e+00
 2.97362970e+01 -5.23218040e-02 7.95104851e-01 1.91793681e+00
 3.05137321e+01 -8.18673509e-02 -3.23378118e-01 2.28712630e+00
 3.01858922e+01 2.58394562e-01 -1.42901867e-01 2.44857839e+00
 2.95569521e+01 1.64396973e-01 2.85309017e-01 2.13096747e+00
 2.97234314e+01 1.86389195e-01 2.07696074e-01 2.35470467e+00
 3.06909009e+01 -5.66680117e-02 1.12560773e+00 2.50546188e+00
 3.03364828e+01 1.15113218e+00 1.33697310e+00 2.19699495e+00
 3.03307925e+01 7.08493236e-01 4.92395884e-01 2.78129216e+00
 3.01748490e+01 1.37108300e+00 -2.31692426e-01 2.04856071e+00
 2.99339362e+01 3.53888774e-01 4.29986692e-01 2.12361630e+00
 3.01441214e+01 -8.36740594e-01 1.26743310e-01 2.57784613e+00
 3.03133657e+01 1.26055007e+00 5.09570299e-01 2.44878785e+00
 2.96583304e+01 1.05489281e+00 -2.96025638e-02 2.38389574e+00
 2.99100764e+01 7.16741140e-01 -2.69034989e-02 2.50282558e+00
 3.08463872e+01 -1.11803147e-01 3.33486836e-01 3.05412016e+00
 2.93142921e+01 -4.22081662e-01 5.89118329e-02 2.48777895e+00
 2.91926294e+01 -2.30201062e+00 -4.40565310e-01 2.80716003e+00
 2.89457416e+01 -1.24320700e-01 9.45540698e-01 2.81445283e+00
 3.00552034e+01 -1.17833824e+00 -5.94230750e-02 2.67028074e+00
 2.97907409e+01 -1.63406963e-01 -2.06523787e-01 3.19729430e+00
 3.00820616e+01 7.39901721e-01 7.66422384e-01 2.53363448e+00
 3.10153050e+01 5.13313041e-01 -4.38170718e-01 2.52167265e+00
 3.03572806e+01 -1.69766187e+00 4.85829400e-01 2.10543035e+00
 2.99880141e+01 9.56724136e-01 -9.27299252e-01 2.29762307e+00
 3.07713952e+01 1.06737679e+00 9.56022320e-02 2.43279002e+00
 2.95162350e+01 3.95494579e-01 -1.43487715e-03 2.36582631e+00
 2.97288695e+01 2.20402946e+00 8.36658850e-01 2.02390282e+00
 3.00457550e+01 -1.03954189e-01 1.91905582e-01 2.53551709e+00
 3.00704683e+01 9.59277274e-01 1.18024587e+00 1.92632404e+00
 3.07037774e+01 -7.60668046e-02 -5.65232703e-01 2.41875737e+00
 2.93508238e+01 -5.48199499e-01 1.42497800e+00 2.50399190e+00
 3.08899888e+01 2.37801560e-01 4.30599121e-02 2.05767427e+00
 3.03526991e+01 1.51300841e+00 2.78481339e-01 3.11599282e+00
 2.91152460e+01 9.50955241e-02 2.70019007e-01 2.15904458e+00
 2.91600650e+01 -6.26043713e-01 -7.48161690e-01 2.13733693e+00
 3.05590160e+01 5.04832033e-01 7.63902056e-01 2.36359295e+00
 2.98501946e+01 1.00219679e+00 -2.33926985e-01 2.42605316e+00
 2.97519590e+01 2.68171894e-01 -2.98944063e-01 2.60129519e+00
 3.09339201e+01 1.46585675e-01 6.18493053e-01 2.51144704e+00
 2.99057680e+01 -1.75993711e+00 1.09945222e-01 1.82140377e+00
 2.98946570e+01 1.79576599e-01 -9.34126359e-02 2.42570377e+00
 3.01608566e+01 -7.20527333e-01 -1.14485619e+00 2.03858469e+00
 3.04034268e+01 7.05929193e-01 7.71966069e-01 2.33207948e+00
 2.94699863e+01 -7.16671366e-01 -1.56939365e-01 2.42338461e+00
 2.92194109e+01 -7.48983544e-01 1.02683211e+00 2.23732921e+00
 2.88792725e+01 -7.37324563e-01 -3.14647155e-01 2.35111464e+00
 2.97058754e+01 -8.66489402e-01 6.24381920e-01 2.33105297e+00
 2.96529313e+01 -3.22637719e-01 2.58773856e-01 2.40916039e+00
 2.99640806e+01 9.09263391e-03 4.47610617e-01 2.81133451e+00
 3.04088355e+01 1.89981009e-01 6.70165306e-01 2.47612281e+00
 3.03911750e+01 -1.16484813e+00 2.86413006e-01 2.56531954e+00
 2.90141934e+01 3.65627637e-01 2.54094572e-01 2.71928278e+00
 2.93872863e+01 -1.42757545e+00 8.68737076e-01 2.43923783e+00
 2.92867349e+01 -1.46100493e+00 2.09810874e-01 2.64635846e+00
 2.96494485e+01 -5.00778568e-01 7.10602590e-02 2.23524883e+00
 3.01822021e+01 3.34780602e-01 3.16196030e-01 2.11693677e+00
 2.93160254e+01 2.28902111e+00 7.41074307e-01 2.45305280e+00
 2.90540897e+01 4.28550507e-01 1.12738217e-01 2.42422075e+00
 2.94733094e+01 1.23384540e+00 6.04087741e-01 2.31656076e+00
 2.92126284e+01 -5.06340108e-01 -3.65615007e-02 2.54619335e+00
 3.02579571e+01 -1.35284205e+00 6.55296821e-01 2.56592004e+00
 2.97221642e+01 -1.88249460e+00 4.92099372e-01 2.51364239e+00
 2.98229014e+01 -8.65365785e-01 1.33837019e-01 2.56511099e+00
 2.95272535e+01 1.94087739e+00 2.35750673e-01 2.86167292e+00
 2.93738078e+01 1.01249044e+00 2.16377218e-01 2.21429865e+00
 2.92448155e+01 -1.94979931e+00 -2.73937646e-01 2.62098619e+00
 3.01914983e+01 -3.45305737e-01 6.52686873e-01 2.75885556e+00
 2.84401490e+01 -7.65345406e-01 4.54693295e-01 2.22900990e+00
 2.97226592e+01 -1.80012363e+00 1.41363392e+00 2.36888630e+00
 2.93732575e+01 -4.55864346e-01 7.66961322e-02 2.37047871e+00
 2.94315151e+01 -1.16579412e+00 1.17211184e+00 2.28110424e+00
 2.98716174e+01 -2.42935561e+00 6.53242601e-01 2.42706549e+00
 2.98216084e+01 -1.02748809e+00 5.45395891e-01 2.39036562e+00
 3.03084362e+01 1.09642024e+00 1.49681519e-01 2.01204271e+00
 3.01380864e+01 -8.37201774e-01 6.20289954e-01 2.58914049e+00
 2.94569839e+01 -1.39404172e+00 1.01196618e+00 2.74969186e+00
 2.92828959e+01 7.51234567e-01 1.65116951e-01 2.17553288e+00
 2.88242283e+01 8.42039559e-01 2.62747010e-01 2.28073888e+00
 2.99025442e+01 -1.04291445e+00 3.66171848e-01 2.36155362e+00
 2.94399375e+01 -3.06028218e-01 1.75457333e-01 2.59456914e+00
 2.90316606e+01 -1.49714825e+00 2.25042584e-01 2.36263306e+00
 2.87793319e+01 1.29673988e-01 -2.55953433e-01 2.69251645e+00
 2.87205881e+01 -3.20041761e-01 9.30603281e-02 2.18029958e+00
 2.88938967e+01 2.56495121e-01 1.08962538e+00 2.56286367e+00
 2.85628230e+01 -1.18839591e+00 9.42636326e-01 2.25124887e+00
 2.97643539e+01 2.65418397e-01 -8.74806949e-02 2.43971241e+00
 2.89458572e+01 -2.41151769e+00 9.53543518e-02 1.81700900e+00
 2.87448292e+01 4.66741349e-01 -3.13736524e-01 2.04182075e+00
 2.92995212e+01 -4.76367152e-01 2.27367242e-01 2.22356175e+00
 3.03885548e+01 -2.02782564e+00 -5.22856640e-04 1.94110693e+00
 2.89167254e+01 -2.59187466e-01 1.81181143e-02 1.95846689e+00
 2.92452710e+01 5.67733218e-03 6.06811391e-01 2.29947206e+00
 2.98523824e+01 6.94928894e-01 4.47438321e-01 2.28190505e+00
 2.85152325e+01 -1.69860765e+00 6.06641812e-01 2.36599475e+00
 2.87703589e+01 -1.24689281e+00 7.59903783e-02 2.26799032e+00
 2.83655865e+01 -3.90103586e-01 4.63621251e-01 2.50742747e+00
 2.88986673e+01 -1.48376631e+00 1.59439478e+00 2.35304108e+00
 2.96561630e+01 -2.00745080e+00 3.38852937e-01 2.23543265e+00
 2.88442984e+01 -4.92063395e-01 1.82933582e-01 2.17665614e+00
 2.87986449e+01 -9.29602118e-02 7.54862208e-01 2.48207306e+00
 2.85529219e+01 2.15316172e-01 -1.41715068e-01 2.94842054e+00
 2.86132068e+01 -3.26526045e-01 1.00927877e+00 2.36072534e+00
 2.91957770e+01 1.43821183e-02 -3.24967052e-01 2.55555831e+00
 2.80512415e+01 -7.83488479e-01 4.35299850e-01 2.54636726e+00
 2.92743975e+01 1.68807771e+00 -1.01755281e-01 2.66056836e+00
 2.91398072e+01 8.73113156e-01 -4.12293765e-01 2.74853468e+00
 2.81461568e+01 9.16337017e-01 1.23780434e+00 2.51238711e+00
 2.85184841e+01 -3.13351478e-01 7.24542436e-01 2.88225916e+00
 2.89183950e+01 -1.81149076e-01 1.41571629e+00 2.21749398e+00
 2.85652328e+01 -1.21843989e+00 1.10660838e+00 2.35373701e+00
 2.87509800e+01 -1.99900849e-01 4.93548712e-02 2.36359800e+00
 2.95341502e+01 -5.56836799e-01 7.71222611e-02 2.72078545e+00
 2.89138982e+01 -9.51898290e-01 -4.59391600e-01 2.47730956e+00
 2.96259904e+01 9.14735696e-01 4.10487845e-01 2.30883062e+00
 2.86463898e+01 3.39308935e-01 -5.68104950e-02 2.17111704e+00
 2.93254415e+01 -3.08261528e-02 3.69979252e-02 2.69421639e+00
 2.89045200e+01 9.41993095e-01 1.53110478e+00 2.28537322e+00
 2.89091269e+01 3.98589971e-01 7.57802171e-01 2.01925710e+00
 2.86612026e+01 3.55528291e-01 9.83272919e-01 2.82561308e+00
 2.86951009e+01 -1.83031198e+00 1.72473597e-01 2.46789723e+00
 2.86696093e+01 -1.79560222e+00 6.46566146e-01 2.28035669e+00
 2.90833986e+01 -6.42823372e-01 8.87323200e-01 2.32378917e+00
 2.77656992e+01 7.61905858e-01 1.36945896e+00 2.38129593e+00
 2.81626313e+01 2.23990444e-02 3.10776542e-01 2.65827733e+00
 2.78959267e+01 -1.57447874e+00 2.23667752e-01 2.23518477e+00
 2.87424084e+01 -1.83875234e+00 -2.62376707e-01 2.55787077e+00
 2.81666003e+01 5.28198271e-01 3.26841897e-01 2.88411448e+00
 2.94863663e+01 -4.66943223e-01 1.03052342e+00 2.99930403e+00
 2.77882461e+01 6.16904503e-01 1.18666923e+00 2.40009325e+00
 2.71849245e+01 -1.31757805e+00 5.01180240e-01 2.07053833e+00
 2.86889820e+01 1.69229461e+00 8.33558707e-01 2.75311096e+00
 2.82482948e+01 -5.00818759e-01 1.86883251e+00 2.53334872e+00
 2.85143113e+01 -7.79557186e-02 1.44212425e+00 2.04278946e+00
 2.80235593e+01 -2.28376150e+00 7.93327215e-01 2.20200473e+00
 2.83223411e+01 -4.46919531e-02 -3.72371969e-02 1.82822322e+00
 2.79698762e+01 2.50022297e-01 8.83899242e-01 2.66495125e+00
 2.86847687e+01 -1.29680081e+00 -4.29719051e-01 2.19477961e+00
 2.76674906e+01 -1.36731589e-01 -2.52649797e-01 2.11679489e+00
 2.85379478e+01 6.08800908e-01 4.93726879e-01 2.97998642e+00
 2.93038602e+01 -1.09630984e-01 3.78255600e-01 2.62865657e+00
 2.80038919e+01 9.60955187e-01 2.65308180e-01 2.36462357e+00
 2.82447572e+01 5.44248858e-02 4.66921424e-01 2.60304723e+00
 2.72921843e+01 -9.77974280e-01 8.21275170e-01 2.66017008e+00
 2.82321625e+01 -1.62009356e+00 3.76117306e-01 2.41519639e+00
 2.82601550e+01 -4.67772963e-01 4.05866260e-01 2.66346508e+00
 2.83592322e+01 1.24635966e-01 9.66858606e-01 2.21760154e+00
 2.81915349e+01 -3.75520812e-01 3.16396677e-01 2.68533422e+00
 2.88609435e+01 7.04023144e-01 -5.57813781e-02 2.05528423e+00
 2.82723884e+01 -4.08444713e-01 3.73164913e-01 2.63316070e+00
 2.83192420e+01 -5.21345059e-01 1.08035951e+00 2.39577815e+00
 2.81598547e+01 -3.01233401e-01 1.36519965e-01 2.29287655e+00
 2.79303571e+01 2.44612403e-02 7.83296279e-01 2.57418012e+00
 2.82270069e+01 -7.26354920e-01 1.18688412e-01 2.80644713e+00
 2.77289818e+01 -1.10546859e+00 2.50042054e-01 1.88524668e+00
 2.80828336e+01 2.88658139e-01 6.14518125e-01 2.42909625e+00
 2.77569075e+01 -1.34476344e+00 6.90049455e-01 1.97354909e+00
 2.92488824e+01 1.83107079e+00 3.45790863e-01 2.24986599e+00
 2.82706684e+01 -4.93941217e-01 1.86375883e-01 2.39974275e+00
 2.83634999e+01 5.91242647e-01 -5.59123611e-01 2.14115324e+00
 2.84137504e+01 2.08834646e-01 1.70316259e-01 2.11569665e+00
 2.87317320e+01 -1.00780924e+00 1.08139601e+00 2.37765218e+00
 2.81680042e+01 -3.06529107e-01 6.79847279e-01 2.44130310e+00
 2.82688633e+01 -1.01276633e+00 1.52771534e+00 2.69375874e+00
 2.80593604e+01 2.73877540e-01 5.11784725e-01 2.23647482e+00
 2.83059016e+01 -3.18464673e-01 8.37085139e-01 2.22437916e+00
 2.84065315e+01 5.82005185e-01 7.59545911e-01 2.17304185e+00
 2.86454540e+01 1.42725424e-01 4.59319207e-01 2.44409767e+00
 2.77005064e+01 4.62903420e-02 -9.70623204e-02 2.67770058e+00
 2.90790730e+01 -4.35797536e-03 -2.73582589e-01 2.14011573e+00
 2.80566202e+01 -8.95832017e-01 6.36231226e-01 2.13761700e+00
 2.76784586e+01 -2.98193588e-01 6.36076031e-01 2.49619527e+00
 2.78455238e+01 -1.14106604e+00 6.71916067e-01 2.39827954e+00
 2.75295851e+01 -4.01929597e-01 4.13168630e-01 2.15220862e+00
 2.84327733e+01 1.10272679e+00 1.86358186e-01 2.38023754e+00
 2.79502160e+01 6.14471097e-01 -2.75078794e-01 2.51498749e+00
 2.91499604e+01 -2.78242810e-01 4.40219988e-01 2.41230479e+00
 2.85668806e+01 -7.53772800e-02 -1.00093578e-02 2.67851707e+00
 2.91091200e+01 8.89893393e-01 1.20903502e+00 2.42121434e+00
 2.78895485e+01 -1.37870969e+00 1.95666527e+00 2.28349485e+00
 2.84545505e+01 4.59417168e-01 -4.08828779e-01 2.45604013e+00
 2.89011261e+01 1.75477196e+00 -1.52834165e-02 2.70484597e+00
 2.74835179e+01 -9.44865750e-01 2.19058820e-01 2.37107037e+00
 2.89138615e+01 1.35304956e+00 2.15259048e-01 2.16408592e+00
 2.89711117e+01 3.86487147e-01 3.44854560e-01 2.60767420e+00
 2.86710564e+01 4.06086386e-01 1.07779664e+00 1.82891185e+00
 2.83340323e+01 1.94039677e-01 8.65659754e-01 2.55081186e+00
 2.79861124e+01 3.16993096e-01 -8.18260511e-02 2.63618412e+00
 2.75318687e+01 7.47308045e-02 1.17005271e+00 2.34764818e+00
 2.87714742e+01 -6.74737501e-01 3.96749993e-01 2.70690395e+00
 2.84661509e+01 -6.64291661e-01 2.36533651e-01 2.52993794e+00
 2.85928094e+01 -5.17664521e-01 1.30824600e+00 2.71450630e+00
 2.89192186e+01 6.57388813e-01 3.00015824e-01 2.43386683e+00
 2.80457129e+01 -6.35458797e-01 3.30058741e-01 2.08868521e+00
 2.83704228e+01 2.11398783e-01 3.45574772e-01 1.93251390e+00
 2.84271263e+01 2.23817993e+00 -1.65109844e-01 2.28662063e+00
 2.87680683e+01 -7.30765819e-01 -1.59263830e-01 2.38785104e+00
 2.82870345e+01 -3.58051315e-01 4.07826919e-01 2.48474756e+00
 2.82820898e+01 -4.48554692e-01 -1.24701312e-01 2.40326981e+00
 2.90722086e+01 -2.88724378e-01 1.08499204e+00 2.27337373e+00
 2.80859391e+01 -2.46166020e-01 4.39143441e-01 2.76359225e+00
 2.79876081e+01 1.55569019e+00 2.00358228e-01 2.37472423e+00
 2.88500319e+01 9.01571421e-01 5.79004361e-01 1.91261133e+00
 2.93212420e+01 -9.50920285e-02 5.19796096e-01 2.56572858e+00
 2.87943886e+01 -7.47608322e-01 2.72771794e-01 2.50773101e+00
 2.84338053e+01 -1.17474882e+00 9.76145984e-01 2.42001360e+00
 2.84863396e+01 -3.22729853e-01 -1.43178813e-01 2.13815475e+00
 2.80994462e+01 5.44640962e-01 3.99222163e-01 2.63648112e+00
 2.88677162e+01 8.38502387e-01 8.21371251e-01 2.79928187e+00
 2.88170565e+01 1.12354343e+00 1.00957776e+00 2.28958646e+00
 2.87214169e+01 1.75667692e+00 7.24667274e-01 2.59186363e+00
 2.86844798e+01 -6.16217607e-01 1.07849401e+00 2.58386293e+00
 2.90721922e+01 7.33372144e-01 5.27590793e-01 2.65030317e+00
 2.85239087e+01 2.26157758e-01 2.65236495e-01 2.21045687e+00
 2.92470136e+01 5.62931834e-01 4.27037613e-01 2.19035643e+00
 2.93541617e+01 1.29306370e+00 2.49840978e-01 2.13293457e+00
 2.85145558e+01 -1.15223535e-01 -3.97838207e-01 2.57750878e+00
 2.93829273e+01 2.26686513e+00 6.68910830e-01 2.46509027e+00
 2.96220149e+01 2.16819319e-01 7.41012242e-01 2.58425944e+00
 2.83115896e+01 8.88858885e-02 1.01141639e+00 2.16550913e+00
 2.95454037e+01 4.43939816e-01 8.76626392e-01 2.69874565e+00
 2.84554443e+01 1.09514198e+00 8.61053552e-01 2.64088682e+00
 2.86423010e+01 -6.00577990e-01 3.11775334e-01 2.06118698e+00
 2.83412222e+01 1.20445747e+00 1.40679720e-01 2.32078561e+00
 2.92197313e+01 -3.52340770e-01 1.06226950e+00 2.58406787e+00
 2.92151760e+01 3.44321349e-01 4.66744121e-01 2.38067521e+00
 2.94793116e+01 1.39125403e+00 6.88931554e-02 2.82184944e+00
 2.97898292e+01 -3.92768622e-01 6.06086417e-01 2.42082006e+00
 2.98780268e+01 1.57947425e+00 9.06752898e-01 2.42595757e+00
 2.88088878e+01 5.69301015e-01 8.70634903e-01 2.64267874e+00
 2.91767305e+01 5.62877019e-01 4.58169691e-01 2.61862031e+00
 3.02159930e+01 1.33112674e+00 5.28756853e-01 2.23674910e+00
 2.97265079e+01 1.16784820e-01 2.02960230e-01 2.40213715e+00
 2.99439963e+01 7.49339176e-01 1.07312271e+00 2.70560216e+00
 2.97762161e+01 2.08833849e+00 9.49424258e-01 2.43459492e+00
 2.92315173e+01 1.71913862e+00 8.27212247e-01 1.83640621e+00
 2.95808328e+01 -3.07381055e-01 -1.98619673e-01 2.83464951e+00
 2.92988080e+01 -2.50678735e-01 4.57336146e-01 1.98822113e+00
 2.92661007e+01 1.95741505e-01 3.86772097e-01 2.49745479e+00
 3.00602053e+01 -8.18416763e-01 8.79782415e-01 2.99097496e+00
 3.00765550e+01 2.88128848e+00 3.49297130e-01 2.59610359e+00
 2.90389219e+01 3.78130404e-01 1.59623037e-01 2.16570235e+00
 2.98489430e+01 1.07283800e+00 1.17259233e-01 2.51674189e+00
 2.96754235e+01 -1.64699442e-02 2.05672119e-01 2.43528638e+00
 2.87696047e+01 4.17343747e-01 6.53589314e-01 2.76354671e+00
 2.89061172e+01 5.78868882e-01 3.06758108e-01 1.97715913e+00
 2.91906870e+01 3.12995859e+00 8.42240603e-02 2.35389153e+00
 2.97882124e+01 8.81002525e-01 1.20130961e-01 2.25649407e+00
 2.99861793e+01 4.31815298e-01 3.43961375e-01 2.55239558e+00
 3.00876921e+01 1.45261634e+00 -1.35099529e-01 2.47145006e+00
 2.94301733e+01 8.64911000e-01 1.91657804e+00 2.28365248e+00
 2.94936976e+01 7.54538863e-01 -1.29059750e-01 2.77185614e+00
 3.00097431e+01 7.06348913e-01 3.50052059e-01 2.63680990e+00
 2.96395362e+01 1.12117129e+00 4.95248324e-01 2.75592744e+00
 3.04440741e+01 1.00027788e+00 -7.07609810e-02 2.36291458e+00
 2.99101384e+01 2.37323721e+00 5.87910452e-01 2.46131652e+00
 2.98704288e+01 3.92322972e-01 1.51302244e-01 2.56815049e+00
 3.00027434e+01 -1.67773168e-01 6.00361955e-02 2.15320403e+00
 2.98420028e+01 -2.23673826e-01 1.05689608e+00 2.06690691e+00
 2.96434770e+01 -3.76466021e-01 8.56791518e-01 2.38165359e+00
 2.99953834e+01 -4.14144044e-01 -1.21659839e+00 2.14129286e+00
 3.00110120e+01 1.20920235e+00 6.17840221e-01 2.75942677e+00
 3.02334535e+01 6.79372511e-01 3.57865879e-01 2.03438685e+00
 3.02899746e+01 -1.19279358e+00 2.60256493e-01 2.41863065e+00
 2.98446085e+01 1.13824679e+00 3.96974656e-01 2.27823024e+00
 3.07756548e+01 -1.93025546e+00 -1.37603309e-01 2.21321951e+00
 3.06059606e+01 1.66792517e+00 6.77976166e-03 1.96828100e+00
 3.02703951e+01 4.51350999e-01 3.48957999e-01 2.24972099e+00
 3.01167884e+01 -3.38388393e-01 1.72168907e-01 2.40685258e+00
 3.05049990e+01 -9.36217203e-01 -3.64446645e-01 2.55578307e+00
 2.98382454e+01 6.34110143e-01 4.93101009e-01 2.77459623e+00
 3.01210851e+01 -3.60849372e-01 -8.35060942e-01 2.34449749e+00
 3.06148548e+01 1.56173746e+00 -5.82717958e-02 2.62541880e+00
 3.09707851e+01 1.21327374e+00 4.40384699e-01 2.27788293e+00
 3.04748726e+01 2.79190783e-01 6.85623579e-01 2.40609318e+00
 3.07517208e+01 -2.35830409e-01 -5.08529300e-01 2.31694848e+00
 3.07286108e+01 1.65314620e+00 1.41545316e-01 2.45688593e+00
 3.03174199e+01 1.80461557e+00 -7.25831345e-01 2.21516881e+00
 3.01731473e+01 2.51146788e-01 -2.50536283e-01 2.70803212e+00
 3.05348308e+01 -1.28894623e+00 7.06230951e-01 2.07966949e+00
 3.00677962e+01 1.28938963e+00 -1.55412340e-01 2.84902344e+00
 2.99552096e+01 2.56982764e+00 5.77335794e-01 2.72705412e+00
 3.02320774e+01 7.52550311e-01 -1.57566455e-01 2.78888185e+00
 3.07343357e+01 2.45952213e+00 2.64658680e-01 2.94687523e+00
 3.04619977e+01 1.01475424e+00 5.14070155e-01 2.18540062e+00
 3.08388375e+01 1.56085383e+00 2.87235374e-01 2.62825121e+00
 3.07595326e+01 2.24608635e+00 4.45500591e-01 2.75673090e+00
 3.05234432e+01 1.74442307e+00 -4.97938524e-01 2.70792357e+00
 3.10436098e+01 1.72821579e+00 1.75657509e-01 2.28282516e+00
 3.14719801e+01 7.46225609e-01 4.08214370e-01 2.68327901e+00
 3.02320408e+01 -1.57452458e+00 4.63187753e-01 2.06830606e+00
 3.13877091e+01 4.42082900e-01 -2.53221800e-01 2.25695729e+00
 3.11865667e+01 9.23265083e-01 -1.15537192e-01 2.26618672e+00
 3.09627480e+01 1.32924013e-01 7.93760168e-01 2.42966403e+00
 3.10586009e+01 1.05343325e+00 -3.17877100e-01 2.63967819e+00
 3.14629407e+01 4.83233063e-01 2.77467677e-01 2.52761807e+00
 3.07343705e+01 5.42342938e-01 -1.27864240e-01 2.25747834e+00
 3.14512184e+01 6.35247060e-01 8.01015656e-01 2.15895781e+00
 3.00856904e+01 -4.53168244e-02 1.27030914e+00 2.48553215e+00
 3.14791792e+01 1.17544538e+00 -7.72414781e-02 2.22976978e+00
 3.09918073e+01 1.63456467e-01 -4.52273820e-01 2.23644673e+00
 3.06699691e+01 7.55652187e-01 -3.90633944e-01 2.69018871e+00
 3.09817698e+01 -2.74670393e-01 6.55372199e-01 2.42921336e+00
 3.14258351e+01 4.23297747e-01 3.91676623e-01 2.60248180e+00
 3.03242258e+01 4.00842783e-01 -1.96879077e-01 2.45556132e+00
 3.09184816e+01 1.38341652e+00 5.68379629e-01 2.03320547e+00
 3.13626545e+01 -7.69460846e-01 3.66920423e-01 2.73886366e+00
 3.11693093e+01 1.07763345e+00 -2.73999843e-01 2.55830262e+00
 3.21591389e+01 1.71054293e+00 8.98562854e-01 2.55343070e+00
 3.14173356e+01 1.12811705e+00 -6.31129581e-01 2.25102856e+00
 3.16098169e+01 -6.60321762e-02 2.69861841e-01 2.72612914e+00
 2.97851195e+01 1.31714023e+00 -2.88222434e-01 2.23180348e+00
 3.13005648e+01 -1.85761052e-01 -7.07845316e-01 2.04526440e+00
 3.20189497e+01 2.27355719e+00 9.70939311e-01 2.66130818e+00
 3.15201673e+01 1.17607168e+00 3.33190984e-01 2.57753652e+00
 3.05312780e+01 -8.76459456e-01 6.57827318e-01 2.51899624e+00
 3.13519774e+01 -1.27353962e+00 1.40062288e-01 2.45105188e+00
 3.12170050e+01 1.22792754e+00 -2.78289507e-01 2.40595454e+00
 3.19965574e+01 7.81062587e-02 6.36574871e-01 2.58658124e+00
 3.11845618e+01 1.13266610e+00 1.06469844e+00 2.34348077e+00
 3.14576944e+01 2.53239801e+00 2.43113305e-01 2.41155865e+00
 3.13989350e+01 1.34852900e+00 7.94863141e-01 2.52040574e+00
 3.21318895e+01 1.39263579e+00 -6.23900940e-01 2.46735300e+00
 3.15730098e+01 -2.26642544e-01 -7.14880094e-01 2.40466674e+00
 3.24243821e+01 4.01303285e-01 -6.06216052e-01 2.05537769e+00
 3.11331788e+01 -6.51583410e-01 2.78274836e-01 2.04088438e+00
 3.04617431e+01 1.91055085e-01 6.00684624e-01 2.46120973e+00
 3.18804436e+01 2.27907333e+00 6.71457378e-01 2.74078491e+00
 3.10445632e+01 3.36164896e-01 4.28183116e-02 2.40191583e+00
 3.16170923e+01 1.16877156e+00 -3.61702274e-01 2.31807100e+00
 3.10569900e+01 7.11209451e-01 8.92917051e-02 2.24340238e+00
 3.11061991e+01 1.97136381e-01 2.65796376e-01 2.44408811e+00
 3.11981296e+01 9.78791553e-01 -9.61702361e-02 2.54841971e+00
 3.12913624e+01 1.49494312e+00 -3.20951310e-01 2.49292015e+00
 3.16231876e+01 1.01273161e+00 8.64681059e-01 2.81083112e+00
 3.18960531e+01 -1.35398385e+00 -5.86953271e-01 2.59244916e+00
 3.19518655e+01 -5.18176338e-01 1.02439536e-03 2.40110871e+00
 3.12601153e+01 -1.28112875e-01 9.54111865e-02 2.00559582e+00
 3.13001407e+01 5.46858570e-01 1.03468012e+00 2.99760085e+00
 3.18842126e+01 1.88583206e+00 4.62558939e-01 2.25761548e+00
 3.06872352e+01 -1.22166539e+00 -6.43737833e-02 2.33616086e+00
 3.18992101e+01 -7.92780740e-02 -2.42890724e-02 2.54863679e+00
 3.21145124e+01 1.03147776e+00 -2.96834066e-01 2.16305416e+00
 3.17503756e+01 1.46389024e+00 -2.41639041e-01 2.43450036e+00
 3.13778782e+01 2.54591869e-01 1.21259376e-01 2.43604217e+00
 3.19770988e+01 -3.42644027e-01 -5.33827474e-01 2.64412132e+00
 3.21781440e+01 -1.51256720e+00 3.21188300e-01 2.48159228e+00
 3.19688778e+01 1.07084371e+00 -2.23469658e-01 2.18967492e+00
 3.10129137e+01 4.81171535e-01 3.15598784e-01 2.36807926e+00
 3.14673117e+01 -7.59272556e-01 3.63794195e-01 2.60306808e+00
 3.21841953e+01 -1.56971481e+00 8.06114852e-01 2.79589859e+00
 3.15305415e+01 9.22787707e-01 9.88522890e-01 2.38086842e+00
 3.15378441e+01 -6.84529880e-01 -1.88243310e-01 2.65957537e+00
 3.13597769e+01 -4.97947664e-01 1.04535953e+00 2.26693828e+00
 3.18937711e+01 -7.73177600e-01 -6.77476988e-01 2.17118631e+00
 3.25593577e+01 1.10985959e+00 -2.96819990e-01 2.56600308e+00
 3.13142094e+01 6.56980014e-01 -1.74031520e-01 2.78281406e+00
 3.17028873e+01 6.00025691e-01 1.32736947e-02 2.28900510e+00
 3.04985685e+01 1.03991020e+00 -8.90306983e-01 2.51238298e+00
 3.20929783e+01 1.08414878e+00 5.42454267e-01 2.74856342e+00
 3.18323440e+01 -8.98661908e-01 -8.74294330e-01 2.40474042e+00
 3.17781474e+01 1.29138274e-01 4.11816871e-01 2.79527941e+00
 3.18384021e+01 1.01239184e+00 4.17901515e-01 2.18882706e+00
 3.18731166e+01 5.04718689e-01 -2.07919102e-01 2.40611889e+00
 3.12845768e+01 -2.69943126e-01 6.77320132e-02 2.50035535e+00
 3.11792719e+01 -3.79693456e-02 -9.37130131e-01 2.45775955e+00
 3.19586081e+01 1.43531060e+00 5.91480061e-01 2.04087040e+00
 3.13946586e+01 -4.16182324e-01 -3.07409880e-02 2.34972363e+00
 3.09916893e+01 1.15968960e+00 1.44776822e-01 2.38148891e+00
 3.16609837e+01 -6.60309718e-01 6.46528781e-01 2.16030261e+00
 3.16291454e+01 1.09723848e-01 1.98461139e-01 2.63834053e+00
 3.18725587e+01 -1.61127179e+00 6.63526468e-02 2.42265436e+00
 3.14563705e+01 1.00568208e-01 1.58125048e-01 2.59607509e+00
 3.16572615e+01 3.05835995e-01 6.14407579e-01 2.60633887e+00
 3.19481442e+01 -1.39668778e+00 1.13360029e+00 2.34324385e+00
 3.19367055e+01 2.49170228e+00 -1.51260551e-02 2.97457847e+00
 3.21451280e+01 7.69212017e-01 1.66671046e-01 2.11780129e+00
 3.19483383e+01 -5.43998793e-02 -1.78214380e-01 2.03694660e+00
 3.19256811e+01 1.42497924e-01 4.37992617e-01 2.36874241e+00
 3.21084497e+01 2.65499108e-01 -3.55516994e-01 2.19653947e+00
 3.21771458e+01 1.67053832e+00 7.38223528e-01 2.45200616e+00
 3.16818355e+01 3.72525247e-01 -7.03639134e-01 2.23821289e+00
 3.24152715e+01 4.68498068e-01 6.34317963e-02 2.92819585e+00
 3.24361577e+01 2.72094640e-02 1.78299372e-01 2.61615671e+00
 3.18422922e+01 1.78062112e+00 -1.60467985e-01 2.70363884e+00
 3.32489810e+01 1.47002716e+00 8.32088284e-02 2.57113058e+00
 3.32466793e+01 7.13067792e-02 4.28174531e-02 2.52825961e+00
 3.36142519e+01 4.37979147e-01 1.80325856e-01 2.20011684e+00
 3.27791884e+01 5.52255867e-01 -4.73274479e-01 2.13337229e+00
 3.15442317e+01 1.73959934e+00 -5.05539446e-02 2.11546497e+00
 3.13103391e+01 6.17351704e-01 5.18421876e-01 1.91394270e+00
 3.15138865e+01 -1.25560414e+00 -2.69856454e-01 2.47693600e+00
 3.18778477e+01 1.41371709e+00 4.40350479e-01 1.97417621e+00
 3.19741525e+01 1.75215254e+00 2.33407325e-01 2.20172366e+00
 3.26366620e+01 1.34677080e+00 8.12500235e-01 2.64559581e+00
 3.28850377e+01 6.23737205e-01 -4.68757785e-01 2.32719541e+00
 3.21966222e+01 -4.92952406e-01 -1.84417469e-01 2.39671582e+00
 3.18129310e+01 1.12336822e+00 2.78060200e-01 2.64243683e+00
 3.19574962e+01 6.08387375e-01 6.11226632e-01 2.34770985e+00
 3.19808238e+01 4.60067607e-01 4.03410173e-02 2.36571050e+00
 3.22069112e+01 1.95188909e+00 2.52029688e-01 2.37307510e+00
 3.29514692e+01 5.76329909e-01 -5.80458790e-01 2.51193057e+00
 3.14928219e+01 1.09990167e+00 2.89192821e-01 2.35837914e+00
 3.20798724e+01 1.99612611e-01 -8.78394699e-01 2.32906770e+00
 3.21633817e+01 1.19433410e+00 -3.23256268e-01 2.49986256e+00
 3.18613139e+01 1.49635287e+00 -5.67599030e-01 2.67498076e+00
 3.31065616e+01 -9.62861857e-01 4.02565591e-01 2.18216848e+00
 3.16708311e+01 -5.91359055e-01 5.32278729e-02 1.88608985e+00
 3.24645096e+01 1.38112124e+00 -4.81428806e-02 2.51421743e+00
 3.23457080e+01 2.76072695e-01 -1.89192986e-01 2.52882193e+00
 3.24859086e+01 8.67410773e-01 -8.28376741e-01 2.86786437e+00
 3.25371934e+01 1.50352984e+00 5.53626300e-01 2.15109376e+00
 3.30542798e+01 1.11049051e+00 4.78015205e-01 2.47886486e+00
 3.27956646e+01 -1.86544100e-01 -1.14521544e-01 2.25676473e+00
 3.15905697e+01 -3.81091331e-01 -8.93957006e-02 1.97907954e+00
 3.23014650e+01 4.55967831e-01 3.67078971e-01 2.47161842e+00
 3.24576661e+01 -6.28821991e-01 2.96747928e-01 2.77173820e+00
 3.26144112e+01 -2.21847317e+00 -1.09145084e+00 2.36082835e+00
 3.24729298e+01 2.32020274e-01 -1.33672094e+00 2.47336005e+00
 3.33030826e+01 -1.13896742e+00 1.03995658e+00 2.99011762e+00
 3.31779420e+01 -1.17328694e+00 -3.76771367e-01 2.65628361e+00
 3.16699979e+01 4.47439141e-01 -1.75133322e-01 2.92128516e+00
 3.21569581e+01 4.72671007e-02 -3.90906272e-02 2.58194394e+00
 3.22835266e+01 -9.17773855e-01 -1.75599169e-01 2.42319553e+00
 3.27176903e+01 1.25138253e+00 -4.48898599e-01 2.13565561e+00
 3.17912284e+01 1.22997743e+00 -3.85055942e-02 2.31311236e+00
 3.30988230e+01 -1.94246730e+00 -1.45115178e+00 2.41648791e+00
 3.26202638e+01 -5.89991473e-01 -2.65928863e-01 2.08610121e+00
 3.24642305e+01 -1.11669237e-01 8.64319532e-01 2.75908378e+00
 3.26383089e+01 -7.73122308e-01 2.38093209e-01 2.21524389e+00
 3.36292022e+01 3.84082728e-01 -4.64868543e-01 2.35170275e+00
 3.25269849e+01 3.44841670e-01 -3.53777328e-02 2.50894371e+00
 3.28737590e+01 1.11725254e+00 -9.09259147e-01 2.09283054e+00
 3.33951590e+01 1.88888816e+00 -3.31319873e-01 2.29328946e+00
 3.27994703e+01 1.13953676e+00 -2.23037139e-01 2.27945497e+00
 3.35785681e+01 -1.07908288e-01 -1.19437746e-01 2.55186644e+00
 3.29477154e+01 1.40087654e+00 -2.54442340e-01 2.11711317e+00
 3.26514392e+01 2.10439974e+00 -7.61956346e-02 2.34452519e+00
 3.32703279e+01 1.48279400e+00 -2.29863866e-01 2.62648723e+00
 3.25905384e+01 3.79050633e-01 -1.60946628e-01 2.09290937e+00
 3.34493159e+01 2.56939202e+00 5.31848399e-01 2.67993027e+00
 3.23579975e+01 1.23392150e+00 7.10889740e-01 2.76183012e+00
 3.41736282e+01 1.48752694e-01 5.82400114e-02 2.22695077e+00
 3.27012980e+01 -4.50564335e-01 -1.06226831e+00 2.35299684e+00
 3.30340395e+01 -3.20129374e-01 2.35412645e-01 2.29580960e+00
 3.24307421e+01 1.26777438e+00 2.62847285e-01 2.55281056e+00
 3.39498595e+01 -1.40582716e-01 -3.40624520e-02 2.89813418e+00
 3.37607242e+01 1.87881761e+00 8.91618710e-01 1.91212972e+00
 3.35119410e+01 -3.34048676e-01 4.24099496e-01 2.37162869e+00
 3.37249023e+01 -1.31424582e+00 -6.29366780e-01 2.43262042e+00
 3.39718871e+01 -8.10873008e-01 6.03501880e-01 2.52938675e+00
 3.33443829e+01 2.81832788e+00 -5.33409254e-01 2.65735355e+00
 3.31361349e+01 1.40222953e+00 -3.53812339e-01 2.34158684e+00
 3.40698552e+01 -8.06641375e-01 -4.89066199e-02 2.15977400e+00
 3.28065358e+01 2.66093198e+00 2.21131631e-01 2.61933069e+00
 3.33804169e+01 1.07640831e+00 -7.05423458e-01 2.60870561e+00
 3.29520234e+01 1.05390182e+00 -1.77496690e-01 2.44250415e+00
 3.33860908e+01 1.97828366e+00 1.73333414e-01 2.38241632e+00
 3.35677589e+01 4.84427262e-01 -4.62256282e-01 2.57293021e+00
 3.32715437e+01 -1.61778141e-01 3.41459086e-01 2.07321868e+00
 3.32572500e+01 1.18175104e+00 2.62370749e-01 2.12391933e+00
 3.26348779e+01 6.10382142e-01 -1.74960934e-01 2.61847102e+00
 3.31340645e+01 -1.36760314e-01 -8.27920504e-01 2.17202383e+00
 3.38360154e+01 8.47449495e-01 -5.51962049e-01 2.44859969e+00
 3.41044199e+01 -1.35631828e+00 -7.92419750e-01 2.35978076e+00
 3.37293180e+01 -1.31507527e-01 -4.37403100e-01 2.37960253e+00
 3.36630199e+01 3.31834465e-01 8.08297118e-02 2.58012131e+00
 3.37274815e+01 7.42091450e-01 3.47337465e-02 2.92413228e+00
 3.31165096e+01 -3.75930470e-01 -1.04669977e+00 2.64827733e+00
 3.31116524e+01 4.68449424e-01 1.04705013e-01 2.55547891e+00
 3.35033405e+01 1.49248555e+00 -7.71556857e-01 2.38749025e+00
 3.32593758e+01 -5.43354954e-02 -1.15244314e-01 2.08643555e+00
 3.39643983e+01 -8.20442739e-01 -2.23474674e-01 2.22165578e+00
 3.30525631e+01 5.21793185e-01 -5.43184466e-01 2.32896538e+00
 3.41198000e+01 3.27182278e-02 -3.62487335e-01 2.32836753e+00
 3.36894707e+01 7.02785470e-01 -4.98908847e-01 2.64478726e+00
 3.36812754e+01 -9.21347412e-03 -8.12316015e-01 2.05319621e+00
 3.43150719e+01 5.14678695e-02 -1.71991042e+00 2.38679547e+00
 3.40671526e+01 7.34200087e-01 -7.82064471e-01 2.75284085e+00
 3.34189115e+01 2.34582423e+00 -1.13073142e+00 2.66729581e+00
 3.24569232e+01 8.55006844e-01 -5.35660608e-01 2.45558216e+00
 3.42123491e+01 -2.69902826e+00 -7.00114805e-01 2.50557735e+00
 3.34985302e+01 6.07780482e-01 -2.22718742e-01 2.17526270e+00
 3.39571073e+01 1.05006290e+00 -6.19960555e-01 2.20626480e+00
 3.47330052e+01 7.95570247e-01 -8.26998468e-01 2.63797698e+00
 3.44470960e+01 -2.65220848e-01 -3.63657492e-01 2.47743052e+00
 3.39792752e+01 6.53549767e-01 -5.02802631e-01 2.54360336e+00
 3.36511553e+01 7.05983630e-01 -4.67056640e-01 2.46231010e+00
 3.42988693e+01 8.13176997e-01 -1.07045873e+00 2.63549371e+00
 3.51705422e+01 2.78494605e-01 -8.01533528e-01 2.06643355e+00
 3.42937334e+01 -7.01356239e-01 -9.42162032e-01 2.28619905e+00
 3.39315838e+01 -1.26331994e+00 4.79114761e-01 1.82330116e+00
 3.48065757e+01 3.55752533e-01 -1.17756736e+00 2.29087144e+00
 3.45706892e+01 9.26590448e-02 1.91724519e-01 2.70161534e+00
 3.40822359e+01 2.33364424e+00 -5.84140536e-01 2.29337349e+00
 3.41723549e+01 7.38204644e-01 1.70645992e-01 2.11767355e+00
 3.43723028e+01 -3.68039984e-01 -2.16724263e-01 2.31787749e+00
 3.41027314e+01 1.67301237e-01 -2.61990234e-01 2.66603876e+00
 3.45397182e+01 1.63984143e+00 -2.91032600e-01 2.86506409e+00
 3.44503121e+01 4.61354520e-01 -6.36515253e-01 2.37652662e+00
 3.45594429e+01 1.39490421e+00 -9.65709176e-01 2.57508144e+00
 3.42961379e+01 1.45478355e+00 -1.20942125e+00 2.53662864e+00
 3.49175660e+01 -8.29641767e-01 -5.64097022e-01 2.67140439e+00
 3.39995137e+01 9.58682419e-02 -8.00410326e-01 2.26708535e+00
 3.40189699e+01 -2.10664739e-01 -3.62622924e-01 2.39515786e+00
 3.47685708e+01 -5.16068063e-01 -1.00631948e+00 1.99331178e+00
 3.46126180e+01 9.77393351e-01 -9.98056494e-01 2.19064394e+00
 3.25907445e+01 1.46739939e+00 -7.00110056e-01 2.23135634e+00
 3.49335475e+01 1.45201150e+00 -6.22944845e-01 2.33981254e+00
 3.37396344e+01 1.23257200e+00 -7.43140848e-01 2.45696509e+00
 3.36510482e+01 6.11737796e-04 -1.27250056e+00 2.06350196e+00
 3.48408641e+01 -7.76610820e-01 -1.06489477e+00 2.32419055e+00
 3.38717052e+01 2.92381275e-01 -1.38017886e+00 2.13800429e+00
 3.38352426e+01 -3.08842166e-01 -7.49977511e-01 2.27266940e+00
 3.36191286e+01 -9.25597804e-01 -9.97548716e-01 2.14733868e+00
 3.36792264e+01 -1.82389891e+00 -1.05111793e+00 2.49020825e+00
 3.35482278e+01 5.74835239e-01 -1.22695997e+00 2.41414440e+00
 3.38754224e+01 1.49730246e-01 -1.85645227e-01 2.22174907e+00
 3.42076700e+01 1.77095440e+00 -1.01883928e+00 2.77646527e+00
 3.46158715e+01 1.29475908e+00 -7.77551853e-01 2.59900691e+00
 3.45157438e+01 -5.71174340e-02 -3.36170913e-02 2.45921319e+00
 3.47028393e+01 -1.63959642e+00 -7.09905968e-01 2.41672900e+00
 3.45172479e+01 -6.56908722e-01 -9.52764554e-01 2.03235381e+00
 3.44081459e+01 -1.90834916e-02 -2.00846826e-01 2.25829272e+00
 3.45405019e+01 4.99779239e-01 -1.16211081e+00 2.20435839e+00
 3.47598074e+01 2.33022776e-01 -1.71250947e+00 2.32234174e+00
 3.32486079e+01 9.17190638e-01 5.08423235e-02 2.30981040e+00
 3.51361795e+01 1.67718649e+00 -7.02821766e-01 2.41442473e+00
 3.41864199e+01 -2.54442868e-01 -7.63590186e-01 2.51094246e+00
 3.46853121e+01 -5.07893247e-01 -8.04702834e-01 2.30967052e+00
 3.46941003e+01 5.54924795e-02 -1.07742778e+00 2.80820606e+00
 3.39139184e+01 -7.38161554e-01 -5.57676593e-01 2.53572690e+00
 3.44559099e+01 2.07194093e+00 -1.63848285e+00 2.57558308e+00
 3.50509518e+01 -8.93220313e-02 -1.01495347e+00 2.31821520e+00
 3.36762687e+01 1.88650188e-01 -8.27353855e-01 2.15540372e+00
 3.40833485e+01 -4.28210818e-01 -5.62332083e-01 2.51769616e+00
 3.44179935e+01 -2.24647155e-01 -9.59735268e-02 1.85526314e+00
 3.46552016e+01 1.99822957e-01 -9.64854204e-01 2.56365064e+00
 3.45555333e+01 3.39928091e-01 -8.76675606e-01 2.30045031e+00
 3.47752124e+01 -2.12262512e-01 -4.42301566e-01 2.52515151e+00
 3.41081236e+01 -5.90921265e-01 6.43190334e-01 2.27845527e+00
 3.48497103e+01 2.16324540e+00 4.32979021e-01 2.43861449e+00
 3.48724654e+01 -1.72464264e-01 -2.03492310e-01 2.98525834e+00
 3.41589686e+01 7.63081164e-01 -1.38786187e+00 2.46132206e+00
 3.48226133e+01 -2.85602564e-01 -2.91481869e-01 2.70374618e+00
 3.44544089e+01 6.84754676e-01 5.58878112e-02 2.47394669e+00
 3.45410602e+01 -9.76535824e-01 1.75553781e-01 2.13895884e+00
 3.49744582e+01 -1.42304377e-03 -4.20630757e-01 2.48304343e+00
 3.33345311e+01 5.70233470e-01 -3.04018060e-01 2.45330467e+00
 3.42602094e+01 3.66874361e-01 -4.84001419e-01 2.20092212e+00
 3.44534364e+01 2.41960873e+00 -9.93952314e-03 2.55370748e+00
 3.43616306e+01 -7.38852103e-01 -2.52288616e-01 2.22636020e+00
 3.39811407e+01 -2.08041169e-01 -4.26290533e-01 2.40241847e+00
 3.46374165e+01 -5.70663214e-01 -2.59883842e-01 1.71824435e+00
 3.43239423e+01 3.65870815e-01 -3.90680106e-01 2.73271592e+00
 3.46260514e+01 1.06559275e+00 -4.59510633e-01 2.20888447e+00
 3.53497510e+01 4.93468946e-01 -2.36263268e-01 2.45560665e+00
 3.43029075e+01 -2.14334909e-02 4.44247069e-01 2.20021486e+00
 3.44167373e+01 -1.85417184e+00 1.80879044e-03 2.07929865e+00
 3.51845116e+01 -9.58747606e-02 -3.37213680e-01 2.64773565e+00
 3.47025519e+01 2.59857433e-01 -3.91071111e-01 2.62347987e+00
 3.48242878e+01 -9.73755135e-01 1.51256647e-01 2.41317360e+00
 3.53259301e+01 -1.40202255e+00 -3.26300509e-01 2.76722915e+00
 3.38054673e+01 -7.01998470e-01 1.01915600e-01 2.66090990e+00
 3.34928701e+01 2.47517280e+00 -4.55658284e-01 1.99939840e+00
 3.38487519e+01 1.57524199e+00 1.49710632e-01 2.76557521e+00
 3.44332409e+01 3.01525940e-02 1.41395668e-01 2.56236786e+00
 3.47704277e+01 2.83611337e-01 7.71059195e-01 2.59972145e+00
 3.42844672e+01 1.33134097e-02 -7.43304637e-01 2.35091335e+00
 3.38032596e+01 -4.64331804e-01 3.58235663e-01 2.45868727e+00
 3.43448899e+01 1.58593623e+00 -6.91154933e-01 2.43484681e+00
 3.47274826e+01 -1.25210316e+00 -6.11131113e-01 2.70680716e+00
 3.43489441e+01 1.20688023e+00 -1.09462203e+00 2.35619256e+00
 3.43676738e+01 -1.20463936e+00 -3.03506348e-02 2.63996912e+00
 3.53071766e+01 2.02838387e-01 7.33072884e-01 2.48674542e+00
 3.42210563e+01 -3.50556811e-01 -1.44017968e-01 2.60461141e+00
 3.45053834e+01 2.04095252e+00 -4.00873516e-01 2.18111633e+00
 3.43852379e+01 -8.86978040e-02 -8.36848226e-01 2.34609096e+00
 3.47407877e+01 2.36005306e+00 -3.18815644e-01 2.70652164e+00
 3.53786571e+01 5.63569015e-02 -1.05289749e+00 2.57061213e+00
 3.49611111e+01 1.90298833e-01 -5.00657056e-01 2.29094562e+00
 3.47165246e+01 -4.20747229e-01 3.05562941e-01 2.30281338e+00
 3.33675923e+01 -1.04377807e+00 4.39130765e-01 2.42005467e+00
 3.48922101e+01 -1.21954180e+00 -1.37036974e+00 1.88278888e+00
 3.36959342e+01 1.40432785e+00 -6.83874318e-01 2.28843672e+00
 3.47089552e+01 8.01800776e-02 -4.88194799e-01 2.45819451e+00
 3.46429570e+01 2.07069108e+00 -3.86122794e-01 2.45502598e+00
 3.43831026e+01 -6.80639464e-01 -3.86436713e-01 2.34221134e+00
 3.53648287e+01 -1.98089917e+00 2.17023951e-01 1.88921480e+00
 3.45200598e+01 -5.21068174e-01 3.84142197e-02 2.06708803e+00
 3.43629883e+01 1.17816909e-01 -1.58894089e+00 3.00621825e+00
 3.52168016e+01 -9.12588391e-01 -1.47657207e+00 2.19505433e+00
 3.44599370e+01 -4.56202063e-01 -4.21872142e-01 2.45868537e+00
 3.38469251e+01 8.17776967e-01 -5.13690710e-01 2.41141267e+00
 3.52474655e+01 4.86877210e-01 -1.10184998e+00 2.33426210e+00
 3.53705196e+01 -1.73134118e+00 -1.28028347e-01 2.10027788e+00
 3.45805255e+01 7.42690710e-01 -8.25415632e-02 2.14065745e+00
 3.36556013e+01 -1.93195791e+00 -1.63507234e-01 2.55830623e+00
 3.50851847e+01 5.91676215e-01 -3.90942921e-01 2.88796085e+00
 3.39100588e+01 -1.94502306e+00 -4.43966909e-01 2.50114893e+00
 3.36146120e+01 2.13969196e-01 -3.88088245e-01 2.20109870e+00
 3.51696115e+01 6.25866070e-01 5.17993128e-01 2.56784057e+00
 3.36611155e+01 1.51325832e+00 1.55488201e-01 2.71429417e+00
 3.46698583e+01 -8.63109260e-01 4.79804220e-01 2.31537590e+00
 3.50302684e+01 -1.06826510e-01 -7.66054983e-01 2.30882055e+00
 3.37803050e+01 1.88038670e+00 -9.69002731e-01 2.65626258e+00
 3.47182659e+01 2.34330887e-01 -8.82210525e-01 2.87796725e+00
 3.37563595e+01 1.21002437e+00 -7.74565315e-02 2.04140519e+00
 3.48445668e+01 -1.11007789e+00 -7.00620403e-01 2.27712343e+00
 3.46972821e+01 -8.00926643e-02 -1.18765260e-01 2.81191129e+00
 3.44062064e+01 -1.13529366e-01 -2.77732133e-01 2.77504456e+00
 3.37076060e+01 -3.31884203e-01 3.04986711e-01 2.05823456e+00
 3.41712777e+01 -1.19384907e+00 2.55561933e-01 2.84400534e+00
 3.43377736e+01 -8.36631114e-01 7.82720778e-01 2.24312453e+00
 3.45397194e+01 -1.31628860e+00 -1.32077945e+00 2.65719892e+00
 3.45343316e+01 -7.70014656e-01 2.33832709e-01 2.56533329e+00
 3.44476325e+01 1.84831383e-01 -3.29650614e-01 2.56321164e+00
 3.47883371e+01 6.53233883e-02 -9.10670721e-02 2.25851770e+00
 3.47446155e+01 -6.94987602e-01 -8.10626006e-01 2.26261558e+00
 3.41484569e+01 1.29236726e-01 3.63585757e-01 2.65664778e+00
 3.46897123e+01 -7.84398243e-02 -1.47078266e+00 2.14804489e+00
 3.50867853e+01 -1.65204105e+00 2.76605064e-01 2.28417987e+00
 3.42422020e+01 6.89380111e-01 -7.82824099e-01 2.54522295e+00
 3.42612776e+01 -2.18882825e-01 3.52011165e-01 2.10322986e+00
 3.48806065e+01 1.38628772e-01 -1.84395412e-01 2.48915572e+00
 3.51991525e+01 -8.79426924e-02 -5.06040779e-02 2.21224518e+00
 3.50813296e+01 -9.07118287e-01 1.01699920e-01 2.21199047e+00
 3.42356392e+01 -1.84112900e-01 -1.83058026e-01 2.19840429e+00
 3.47537795e+01 1.52005417e-01 9.81473229e-02 2.34076739e+00
 3.44053526e+01 6.29088358e-01 -3.30021566e-01 2.80285798e+00
 3.46269201e+01 1.01497817e-01 4.43880618e-01 2.54663315e+00
 3.41070773e+01 -1.37567966e+00 -2.01947980e+00 2.95851104e+00
 3.48511195e+01 1.66467953e-01 4.83428461e-01 2.77740391e+00
 3.53592523e+01 -6.88294276e-01 4.72575021e-01 2.73487454e+00
 3.46609153e+01 -3.03381346e-01 3.23019577e-01 2.76808756e+00
 3.37733448e+01 1.36450321e-01 -3.54969196e-01 2.58303018e+00
 3.36417431e+01 1.25261176e+00 -9.06136574e-02 2.30733597e+00
 3.44980665e+01 1.09117203e+00 6.61844409e-01 1.97957400e+00
 3.43738684e+01 -1.96200679e+00 -4.93272643e-01 2.58144857e+00
 3.44805133e+01 1.39844775e+00 -1.76679826e-01 2.04078274e+00
 3.41694041e+01 4.77901063e-01 4.12403535e-01 2.82530155e+00
 3.47986729e+01 8.68984241e-03 -5.21036556e-01 2.66746081e+00
 3.53584119e+01 -7.94772152e-01 -2.38512003e+00 2.48255964e+00
 3.40321993e+01 -1.81143230e+00 -5.51721233e-01 2.47457395e+00
 3.48376955e+01 9.92734939e-02 -3.63223958e-01 2.55266069e+00
 3.49929882e+01 8.37298875e-01 -6.01436317e-02 2.43352901e+00
 3.48730161e+01 -8.48914777e-01 -5.62704012e-01 2.39912773e+00
 3.38245325e+01 3.50118125e-01 -8.31858181e-02 2.64076843e+00
 3.47106076e+01 3.50698111e-01 3.02549531e-02 2.57308036e+00
 3.48222727e+01 1.21945934e+00 -2.39430442e-01 1.98272269e+00
 3.49328712e+01 -5.40747170e-01 -2.10045681e-02 2.75537885e+00
 3.48895368e+01 1.93222169e+00 -4.16463011e-01 2.42964263e+00
 3.36385040e+01 -9.19105441e-01 -9.94921791e-02 2.40691181e+00
 3.46235150e+01 9.87477908e-01 -1.54554847e-01 2.24915663e+00
 3.39099891e+01 -1.64580159e+00 6.15501515e-01 2.46645459e+00
 3.49189751e+01 1.63798573e+00 1.66903355e-02 2.61497105e+00
 3.52266735e+01 -3.62307349e-01 2.10619086e-01 1.92783146e+00
 3.46793394e+01 -1.11195267e+00 -1.09580472e+00 2.67481911e+00
 3.45925723e+01 -4.78064659e-01 -8.31493415e-01 2.53175505e+00
 3.48789869e+01 -2.06765581e+00 1.23985977e-01 2.50661868e+00
 3.40333187e+01 -1.27062488e+00 2.00578894e-02 2.61412353e+00
 3.57425775e+01 1.18154432e+00 -1.06348756e+00 2.37401676e+00
 3.48176859e+01 9.70631695e-01 -4.84123418e-01 2.46647858e+00
 3.42330139e+01 -9.74035965e-01 4.32085787e-01 2.69135434e+00
 3.44937955e+01 2.62329965e+00 -6.45679694e-01 2.52968922e+00
 3.62854600e+01 1.07108191e-01 -1.08553371e+00 2.10420227e+00
 3.34692010e+01 -1.67636734e+00 1.35115477e-01 2.07802064e+00
 3.49129774e+01 8.87934102e-01 -2.68373613e-01 2.36086012e+00
 3.51701416e+01 8.87362526e-01 -3.82064843e-01 2.73571548e+00
 3.44736237e+01 6.65516115e-01 -4.90276530e-01 2.68019252e+00
 3.41853137e+01 7.05892016e-01 -1.04793360e-01 2.53796102e+00
 3.54788762e+01 -4.46519576e-01 -7.79439763e-01 2.48832280e+00
 3.44013646e+01 -3.06771754e-01 -2.05497226e-01 2.20830426e+00
 3.48510889e+01 -1.25272157e+00 -7.86502227e-01 2.47335952e+00
 3.43251204e+01 -1.00290703e+00 -1.00686520e+00 2.50279019e+00
 3.44663307e+01 -1.05793357e+00 -6.20815929e-01 2.49982265e+00
 3.54641725e+01 1.91587265e+00 -6.28314613e-01 2.25397855e+00
 3.52522215e+01 9.07786861e-01 7.14618906e-01 2.24108819e+00
 3.44396012e+01 4.95444005e-01 -7.04623098e-01 2.56568960e+00
 3.47135292e+01 -1.19237878e-01 -1.38684433e-01 2.26095032e+00
 3.46162871e+01 1.04626750e+00 -5.32612695e-01 2.47155362e+00
 3.45861389e+01 2.66469564e-01 -4.51132695e-01 2.31690444e+00
 3.46898469e+01 -2.30587396e+00 -1.15283298e-01 2.34652951e+00
 3.48128740e+01 5.87146735e-01 -1.15294742e+00 2.65193937e+00
 3.42476781e+01 2.07489251e-01 -3.25287125e-01 2.24267811e+00
 3.46564759e+01 1.11343235e+00 5.82249642e-01 2.34075750e+00
 3.44250385e+01 -6.24717363e-01 -5.54373622e-01 2.71457311e+00
 3.44132716e+01 1.10178064e+00 -3.48229986e-01 2.70258804e+00
 3.54337146e+01 2.18831484e+00 -2.97068621e-02 2.17605001e+00
 3.48240213e+01 7.86876625e-01 -2.37774423e-01 2.46187293e+00
 3.42787266e+01 -1.14066369e+00 -2.78537811e-01 2.86576584e+00
 3.50311424e+01 2.68849340e+00 3.69495626e-01 2.70860160e+00
 3.41114393e+01 2.29927867e-01 -9.86183328e-01 2.53799366e+00
 3.39623170e+01 9.72001772e-01 -3.89443226e-01 2.07778276e+00
 3.47189477e+01 -3.43502947e-01 -8.25286073e-01 2.07762047e+00
 3.56151346e+01 7.39882094e-01 -5.73751935e-01 2.27911351e+00
 3.48782172e+01 6.87477237e-01 -1.70868845e-01 2.43276833e+00
 3.49397329e+01 4.86908729e-01 -1.95163709e-01 2.22730803e+00
 3.44809673e+01 1.20682038e+00 3.36697301e-01 2.38733505e+00
 3.38510709e+01 1.62478779e+00 -5.99619680e-01 2.22936862e+00
 3.41519286e+01 3.98528278e-01 -4.40381540e-01 1.98627388e+00
 3.40576892e+01 1.33338145e+00 -1.86646033e-01 2.52616236e+00
 3.44308801e+01 5.63000137e-02 2.57569023e-01 2.57641038e+00
 3.48650986e+01 3.76660149e-01 -6.05797565e-01 2.02485168e+00
 3.39309567e+01 -1.34960932e+00 -1.29120808e-01 2.57125164e+00
 3.44536373e+01 -2.81861782e+00 -1.25741764e+00 2.30382942e+00
 3.46261473e+01 6.75926356e-01 -3.96851649e-01 2.31154544e+00
 3.46419814e+01 -1.36251797e+00 2.44037791e-01 2.61482432e+00
 3.54857477e+01 -5.76643477e-02 -7.88870819e-01 2.39709065e+00
 3.54253564e+01 -6.00718718e-01 -3.05652171e-01 2.07613828e+00
 3.38140343e+01 1.15660478e+00 -2.28021829e-02 2.54274334e+00
 3.49836142e+01 4.09415774e-02 -1.09834887e+00 2.20302036e+00
 3.51002821e+01 6.70776712e-01 1.26700832e-01 2.90397611e+00
 3.43311097e+01 -1.22714107e-01 7.40107221e-01 2.82139734e+00
 3.52666458e+01 1.71264953e-01 -5.39817863e-01 2.03418744e+00
 3.45054771e+01 1.00288397e+00 -6.02985686e-01 2.29507565e+00
 3.51414899e+01 -4.39457336e-01 -3.50733563e-01 2.18570162e+00
 3.46967880e+01 4.34676704e-01 4.64549660e-01 2.34335912e+00
 3.57223111e+01 -1.51566240e+00 7.14595605e-02 2.35386131e+00
 3.48263896e+01 -1.72628524e-01 -9.06076534e-01 2.71822065e+00
