 3.01781716e+01 -1.19039685e-01 5.59746515e-01 1.62113859e+00
 3.03255057e+01 7.95857838e-01 -7.20276326e-01 1.70000008e+00
 3.00534643e+01 -1.09902132e+00 -6.22162354e-02 1.72586623e+00
 2.98924316e+01 2.84558074e+00 -8.24195662e-01 1.49100192e+00
 3.00065789e+01 -2.90294511e-01 -4.09114850e-01 1.94137866e+00
 2.99174531e+01 2.73922405e-01 -3.65143567e-01 1.71454569e+00
 2.97424083e+01 6.17124523e-01 -1.61038638e-01 1.94956612e+00
 2.96579192e+01 8.50179094e-02 7.43816635e-01 1.69456870e+00
 3.01103569e+01 -1.50053351e+00 -5.42878897e-01 1.96634387e+00
 2.98172456e+01 1.26821923e+00 -7.71553035e-01 1.65826443e+00
 3.00986089e+01 1.34495498e+00 -4.78652770e-01 1.61803296e+00
 2.98504148e+01 -9.83594494e-01 7.99243554e-01 1.86911934e+00
 3.01399894e+01 -2.23635949e+00 -4.26231738e-01 2.17765127e+00
 2.98099154e+01 -1.51834319e+00 1.21786291e+00 2.17771968e+00
 3.00588577e+01 -2.07945155e-01 -4.90185149e-01 1.71951208e+00
 3.02156983e+01 -1.31850274e+00 3.48281580e-01 1.55255808e+00
 2.93421026e+01 -1.16463524e+00 6.11973125e-01 2.35174780e+00
 2.99777070e+01 -1.27404053e+00 3.48746464e-01 2.19976780e+00
 3.01769759e+01 -1.17139969e+00 -7.50214375e-01 2.25318549e+00
 2.96823270e+01 1.23231559e+00 -5.08485968e-01 1.79745107e+00
 3.00899194e+01 6.97872093e-01 1.87066729e-01 1.73806356e+00
 2.98413657e+01 5.38022038e-01 1.91008763e-02 1.72073654e+00
 3.00721191e+01 -1.32726585e+00 -1.18367478e+00 1.94528804e+00
 2.95861686e+01 1.34767579e-01 8.55993491e-01 1.81466917e+00
 2.95339963e+01 -1.25413132e-02 -6.28171816e-01 2.22978702e+00
 2.97477638e+01 -2.30392501e-01 2.04726260e-02 2.00924150e+00
 2.97716522e+01 -8.37433350e-01 -4.56578382e-01 1.81356898e+00
 2.95840934e+01 -1.66224732e+00 -4.65977928e-01 1.50881382e+00
 2.98665603e+01 -8.21578094e-01 -1.24537403e+00 2.30668785e+00
 2.96836280e+01 1.03009267e-01 2.66718440e-01 1.91120009e+00
 3.01307068e+01 -1.27974128e+00 5.33978984e-01 2.02051621e+00
 2.94098654e+01 -1.06696886e+00 -4.06887058e-02 1.74267268e+00
 2.97427186e+01 7.66299076e-01 -2.48557503e-01 1.64532281e+00
 2.96995431e+01 5.17132816e-01 2.65973803e-01 1.73933844e+00
 2.95089413e+01 1.32640113e+00 -4.84100371e-02 1.52987206e+00
 2.99209439e+01 -1.09075358e+00 2.35151356e-01 1.91647582e+00
 2.93386206e+01 -5.29959553e-01 2.48995452e-01 1.91670498e+00
 2.97270232e+01 -9.49632281e-02 -2.76516627e-01 1.82562654e+00
 2.98574042e+01 -1.55477787e+00 5.53058350e-01 2.10654495e+00
 2.97633128e+01 -9.63721162e-01 -5.75973422e-01 1.88792397e+00
 2.94839986e+01 -6.67425147e-01 -5.25025663e-01 1.76633372e+00
 2.95860831e+01 4.00912554e-02 -2.87070863e-02 1.74336916e+00
 2.98046485e+01 6.14568641e-01 -3.23966977e-01 2.09922797e+00
 2.96221468e+01 -4.51780852e-01 -1.10740926e-01 2.12481932e+00
 2.96888419e+01 -1.76381090e-01 -1.85524875e-01 1.43747038e+00
 2.94552717e+01 -2.34887040e-01 2.44293857e-01 1.86625561e+00
 2.96568550e+01 -1.11820759e+00 4.63746754e-01 1.57641586e+00
 2.96907701e+01 6.71987470e-01 4.35410381e-02 2.16778084e+00
 2.96380321e+01 -2.64840233e+00 3.29043825e-01 1.89184189e+00
 2.95235830e+01 -1.19711615e+00 -5.47077814e-01 1.56818834e+00
 2.95488875e+01 1.35163679e+00 2.13147306e-01 1.92898571e+00
 2.97574348e+01 -1.93622918e+00 -2.70300991e-01 1.88052839e+00
 2.93825728e+01 1.89357242e+00 6.07262925e-01 1.75959762e+00
 2.92542342e+01 -2.11641491e+00 3.62761787e-01 1.85338346e+00
 2.93378799e+01 9.58706491e-01 -8.01092602e-01 2.09395548e+00
 2.93081325e+01 1.12125545e+00 5.74814881e-01 1.64709544e+00
 2.92547008e+01 4.50165806e-01 1.75457974e-01 1.65511063e+00
 2.90691649e+01 -3.35573299e-01 -4.19171210e-01 1.70228835e+00
 2.93643132e+01 -9.25198122e-01 -8.52579675e-01 1.80032780e+00
 2.96128065e+01 -1.98332329e+00 -2.26728621e-01 1.45765267e+00
 2.93122184e+01 -1.34523778e+00 -3.43556958e-01 1.82405861e+00
 2.92314321e+01 -2.23951724e+00 -5.43873788e-01 1.58574315e+00
 2.92444384e+01 -4.25303450e-01 -3.04233996e-01 2.34713428e+00
 2.90857580e+01 -1.32498892e+00 -6.35947455e-01 1.56305023e+00
 2.95782081e+01 -7.02854564e-01 -6.73580436e-01 2.05897942e+00
 2.91512933e+01 -1.98706007e+00 -1.00653822e+00 2.49520896e+00
 2.88088242e+01 -1.57196557e+00 4.88541301e-01 2.38406827e+00
 2.94870396e+01 -3.88011210e-01 -4.81505593e-01 1.72358602e+00
 2.88358650e+01 5.78073269e-01 -2.44570830e-01 1.79031298e+00
 2.92185670e+01 -3.09443401e+00 -3.64361690e-01 1.83311768e+00
 2.89074594e+01 -4.73448920e-01 -2.36021443e-01 1.51492271e+00
 2.90751943e+01 8.85313804e-01 -8.96957987e-02 1.72610129e+00
 2.91441629e+01 1.79325536e+00 2.31355063e-01 2.13457325e+00
 2.91300740e+01 -2.00581202e+00 4.25278911e-01 2.30161055e+00
 2.91258099e+01 -7.32952830e-01 -6.63106436e-01 2.23043303e+00
 2.88840317e+01 -1.47030293e+00 -1.65787303e-01 1.62731641e+00
 2.86916377e+01 -6.23838738e-01 -5.63343244e-01 1.72176991e+00
 2.87406933e+01 -1.35794294e+00 -2.21125338e-01 1.94559215e+00
 2.94018113e+01 -9.05311518e-01 -4.16765112e-01 1.86864619e+00
 2.88745457e+01 -1.69307024e+00 -1.02674041e+00 1.38361517e+00
 2.90185178e+01 -2.74447173e-01 -2.90805964e-01 1.84088216e+00
 2.89762566e+01 -6.44162134e-02 1.90822853e-01 1.80006728e+00
 2.88652252e+01 1.28452015e+00 -5.70928853e-01 1.57222197e+00
 2.89007022e+01 7.08477943e-01 -8.58693200e-01 1.95311153e+00
 2.93797600e+01 -6.71192624e-01 -9.64851278e-01 1.67004390e+00
 2.87605468e+01 8.23570771e-01 -8.74587503e-03 1.79565725e+00
 2.93102832e+01 -1.05379749e+00 -5.19310625e-01 1.63333179e+00
 2.87706648e+01 1.74792776e+00 -3.85064391e-01 1.77466908e+00
 2.86944020e+01 -1.89200435e+00 -3.43135939e-01 1.81494629e+00
 2.89160057e+01 2.42017992e-01 -2.63855202e-02 1.94319097e+00
 2.88640239e+01 2.95861870e-01 5.44430349e-01 2.12727136e+00
 2.90032133e+01 -2.87424361e-01 -1.65079299e-01 2.04522200e+00
 2.89428378e+01 -1.01132130e+00 -5.02029797e-01 1.75558125e+00
 2.85432312e+01 1.10482817e+00 -9.26590249e-01 1.76040189e+00
 2.88469764e+01 9.44498214e-01 -4.16586861e-01 2.28179568e+00
 2.88442990e+01 -1.07250457e+00 -1.09639712e+00 1.95063452e+00
 2.85349829e+01 -7.99028020e-02 -2.12589421e-01 1.93533574e+00
 2.90318705e+01 9.18255276e-01 -1.66544104e-01 1.90700110e+00
 2.89199038e+01 -1.43268402e+00 3.26795858e-01 1.96320714e+00
 2.87414819e+01 1.80014850e-01 -1.62289980e-01 1.88621022e+00
 2.86585601e+01 -1.21758416e+00 2.17586204e-01 1.84367235e+00
 2.88024224e+01 -4.43928448e-01 -2.86557546e-01 1.88413886e+00
 2.88130775e+01 1.11180114e+00 -3.94068274e-01 1.38478923e+00
 2.85750176e+01 2.29160829e-01 -1.71736048e-01 1.47955883e+00
 2.85971551e+01 -1.28994477e+00 -5.53218069e-02 1.77823450e+00
 2.88667444e+01 2.94487143e-02 4.79623164e-01 2.02599643e+00
 2.86292869e+01 1.76950945e-03 -2.24215803e-01 1.78035739e+00
 2.82070595e+01 -1.77869200e-01 1.00084574e-01 1.34229365e+00
 2.86611669e+01 -1.77625631e-02 -1.91096358e-01 2.06909018e+00
 2.89596076e+01 7.46276549e-01 -7.11066128e-02 2.14536756e+00
 2.87035662e+01 1.78415393e-02 1.21582141e-01 1.99252234e+00
 2.85217701e+01 3.29882195e-01 -8.26207818e-02 1.82297036e+00
 2.92883423e+01 1.04835816e+00 -4.18911038e-01 1.67444320e+00
 2.86342531e+01 1.34304400e+00 -4.77861391e-01 2.27659269e+00
 2.84666809e+01 -1.56738468e+00 9.57392592e-01 1.65458265e+00
 2.84640667e+01 7.70886309e-01 1.80932952e-01 2.17193205e+00
 2.87672111e+01 6.56858400e-01 -6.22305102e-01 1.94339640e+00
 2.87756861e+01 -1.03460093e+00 -4.89838979e-01 1.59604438e+00
 2.90698646e+01 6.88699490e-01 -3.77386940e-01 1.73438056e+00
 2.86432271e+01 -1.13930665e+00 -7.79975290e-02 1.64678915e+00
 2.86399088e+01 -2.53730511e-01 6.70171391e-01 1.73885865e+00
 2.84491878e+01 1.05635695e-01 -6.33749599e-01 1.84188344e+00
 2.86589606e+01 7.32012527e-01 7.23075460e-01 1.49343678e+00
 2.86998136e+01 1.19784129e+00 -1.02485735e+00 1.88739985e+00
 2.88852595e+01 1.46433424e+00 2.43530463e-01 2.39073493e+00
 2.84755772e+01 -8.60705952e-01 -6.24799351e-01 1.66731912e+00
 2.87526410e+01 -3.29986557e-01 1.09631057e-01 1.79843127e+00
 2.88121558e+01 -7.59249546e-01 -2.81361478e-01 2.09816768e+00
 2.89252352e+01 -1.36783273e+00 -7.51178460e-01 1.76006002e+00
 2.87395308e+01 -7.14623769e-01 -2.02875064e-01 2.13701428e+00
 2.87027336e+01 1.35452202e+00 7.42862449e-01 2.04232499e+00
 2.86351919e+01 -9.42079604e-01 -5.82704548e-01 2.08757469e+00
 2.90487162e+01 -1.21229742e+00 -4.39255224e-01 2.00874970e+00
 2.86098506e+01 -2.78638959e-01 -1.48782571e-01 1.70150610e+00
 2.85372434e+01 1.30440552e+00 -9.97317232e-02 1.99976771e+00
 2.87596425e+01 1.09259649e+00 -7.43407592e-01 1.86199202e+00
 2.87226098e+01 7.39572622e-01 6.13789308e-01 1.60435973e+00
 2.90210076e+01 -1.30919691e-01 -2.03699690e-01 1.40930352e+00
 2.88847830e+01 8.39707607e-01 2.99255654e-01 2.07964160e+00
 2.85485407e+01 -3.07947905e-01 -7.16321137e-01 2.04989649e+00
 2.85293988e+01 8.48603453e-01 3.33199252e-01 1.52090067e+00
 2.88034592e+01 -1.77021068e-01 -1.98498263e-01 2.46975598e+00
 2.87886758e+01 -7.28223330e-01 -4.13747734e-01 1.68118673e+00
 2.84074998e+01 7.72004308e-01 -1.25715816e-01 1.50544827e+00
 2.88706555e+01 -2.15900098e+00 -3.09157286e-01 1.85369905e+00
 2.88534904e+01 3.68974072e-01 2.58014516e-01 1.76114662e+00
 2.83237434e+01 -3.86756672e-01 -1.83302198e-01 1.58505716e+00
 2.87813894e+01 1.17642361e-01 5.99124845e-01 2.41861013e+00
 2.85254354e+01 -3.21747791e-01 -9.19563164e-01 2.27436416e+00
 2.85682986e+01 -6.98046921e-02 -7.70727887e-03 1.88887410e+00
 2.85654979e+01 -1.32999858e+00 -3.99205105e-01 1.87838117e+00
 2.87765995e+01 -2.76478577e-01 -2.77642496e-01 2.01836693e+00
 2.87934310e+01 2.61567318e-01 6.77492585e-02 2.18788674e+00
 2.85219222e+01 1.52119989e-01 5.87776822e-01 1.57669731e+00
 2.85459920e+01 1.14342730e-02 6.11017467e-01 1.62942477e+00
 2.89520657e+01 1.68718938e+00 -5.63416990e-01 1.89480444e+00
 2.88600072e+01 -4.26330946e-01 8.76042515e-03 2.10630135e+00
 2.87247920e+01 -5.65141777e-02 -1.43090056e-01 1.95663099e+00
 2.89155235e+01 8.14418359e-01 2.53805528e-01 2.22154929e+00
 2.86136174e+01 -6.66516886e-01 -1.46629606e-01 2.03397854e+00
 2.90515296e+01 8.56473646e-01 1.48166995e-01 2.03902216e+00
 2.86137101e+01 1.63664098e-01 -6.88194533e-01 1.98726944e+00
 2.87641349e+01 -2.60035706e-01 -2.29753062e-01 2.18896345e+00
 2.85196153e+01 -2.04535986e-01 -1.98153194e-01 1.58774664e+00
 2.84325588e+01 -1.22561267e+00 8.74000883e-01 2.16601148e+00
 2.88473790e+01 -1.60134385e-01 2.35250825e-01 2.42412425e+00
 2.83759889e+01 -1.14677924e+00 -6.21487008e-01 1.40960850e+00
 2.87921076e+01 -1.69824741e-01 -6.77630302e-01 1.52947118e+00
 2.89049288e+01 -9.45270562e-01 -2.47924981e-01 1.38017566e+00
 2.83923526e+01 -3.73481900e-01 -1.82940072e-01 1.81432609e+00
 2.86489278e+01 -1.14302932e+00 8.64279572e-02 2.09566935e+00
 2.87261467e+01 -8.46771121e-01 -5.66239744e-01 1.92068371e+00
 2.86897575e+01 6.59088718e-01 -3.65600799e-02 2.26301898e+00
 2.85389290e+01 -7.65182598e-01 -2.14725922e-01 1.87231417e+00
 2.86084321e+01 1.30719694e+00 -6.61875528e-01 2.06377701e+00
 2.88200766e+01 -1.41029839e-01 -4.41504562e-01 1.85225304e+00
 2.82344689e+01 8.71647964e-02 -1.10725507e+00 1.94126246e+00
 2.85303103e+01 1.09028601e+00 4.75641931e-01 1.74626598e+00
 2.86318165e+01 7.09251321e-01 5.61399438e-01 1.75343919e+00
 2.85105024e+01 -7.62472328e-01 -1.05956726e+00 1.75425078e+00
 2.84007707e+01 -3.93580339e-01 9.46065235e-02 1.55606254e+00
 2.85934965e+01 1.21053777e+00 1.73042387e-01 1.67975462e+00
 2.90906827e+01 1.42904911e+00 -2.82330634e-01 1.86401471e+00
 2.83872281e+01 -1.99346789e+00 4.49952436e-03 1.73081188e+00
 2.86169582e+01 -2.84582224e-01 -3.30197479e-01 2.08697465e+00
 2.85433503e+01 -6.66130685e-01 -1.07334303e-01 1.45591942e+00
 2.84129026e+01 -1.69863054e+00 5.59816208e-01 1.73629320e+00
 2.83254625e+01 -1.00347237e+00 -3.14051950e-01 1.64447412e+00
 2.83182012e+01 6.67630831e-02 2.06039592e-01 1.92060409e+00
 2.84852590e+01 -5.21153969e-01 -4.16853536e-03 2.02611071e+00
 2.87918929e+01 9.57506132e-01 -2.72349567e-01 2.29231052e+00
 2.81319950e+01 1.66846366e-01 1.33593567e-01 2.04766224e+00
 2.87244830e+01 9.25565893e-01 -2.97328911e-01 1.45230265e+00
 2.82613367e+01 8.32543433e-01 -4.50065807e-02 1.62813086e+00
 2.86112833e+01 -3.31343267e-01 -6.58328904e-01 2.46030274e+00
 2.84365078e+01 1.07843325e+00 -6.61960663e-01 1.89925126e+00
 2.86147199e+01 7.55147144e-01 7.97013342e-03 1.27242907e+00
 2.83619277e+01 1.18291367e+00 5.38650059e-01 1.98689119e+00
 2.83919475e+01 -1.10922286e+00 8.11511257e-02 1.86233184e+00
 2.81064985e+01 -1.15974162e+00 6.06394044e-01 1.72969555e+00
 2.82389216e+01 9.06240271e-01 4.87019112e-01 1.97412587e+00
 2.83241291e+01 4.99508506e-01 -3.81635933e-01 1.85125768e+00
 2.80233814e+01 7.91604555e-01 -4.09932501e-01 1.91151970e+00
 2.83354121e+01 -2.69258384e-01 -2.24309062e-01 2.17519888e+00
 2.83228215e+01 2.84111830e-01 5.01299864e-01 1.75385426e+00
 2.86113686e+01 -1.53264547e+00 -3.16133991e-01 1.96821323e+00
 2.83204276e+01 -2.03450077e-01 -3.36278284e-01 1.95971887e+00
 2.79925462e+01 1.11058240e+00 -3.64024604e-01 1.51367040e+00
 2.80040046e+01 2.60035354e-01 -7.45937648e-01 1.77575625e+00
 2.79869709e+01 2.07041924e-01 -1.00186220e-01 2.31301800e+00
 2.78367322e+01 4.41824626e-01 -7.87253470e-01 1.86452326e+00
 2.79600732e+01 7.45974856e-01 3.17415182e-01 1.32896266e+00
 2.85920721e+01 -6.80140922e-01 3.44241968e-01 1.82723884e+00
 2.81030396e+01 1.31813954e-01 -8.68976820e-02 2.15108172e+00
 2.81290158e+01 -4.27725173e-01 -3.79819240e-02 1.83608963e+00
 2.84096052e+01 -1.24350521e+00 -5.91714611e-01 1.87606344e+00
 2.79818860e+01 -2.72118739e+00 -5.99056035e-01 1.85915556e+00
 2.80432529e+01 -6.00684625e-02 -2.31516217e-02 2.02245247e+00
 2.80151842e+01 -8.76714541e-01 -3.29434384e-01 2.16076429e+00
 2.78103321e+01 -8.21937390e-01 -1.26166757e-01 2.11787006e+00
 2.79196223e+01 -3.57070740e-01 -3.29982023e-03 1.59216081e+00
 2.77934407e+01 3.20329366e-01 -3.57570582e-01 1.62081398e+00
 2.78454523e+01 -6.75206828e-01 -1.33603126e-01 1.80676459e+00
 2.77566176e+01 -9.04053816e-01 3.36111305e-02 1.52004090e+00
 2.81050722e+01 -2.51695391e-01 2.41097206e-01 1.63752181e+00
 2.74844116e+01 3.45327561e-01 6.59176492e-01 2.24717020e+00
 2.74952921e+01 -2.29017182e+00 -6.11906919e-01 1.99429908e+00
 2.76397550e+01 -1.15139712e+00 3.23305555e-01 1.67745147e+00
 2.74582195e+01 2.14713662e-01 -2.29245078e-01 1.97554714e+00
 2.76630780e+01 -3.67077004e-01 -1.74359073e+00 2.04516949e+00
 2.74693017e+01 -2.05686551e+00 1.76048501e-01 1.43844116e+00
 2.73013578e+01 -1.19746626e+00 -8.68036781e-01 1.71709541e+00
 2.77325942e+01 -2.49909561e+00 -5.48829406e-01 1.86731804e+00
 2.74445147e+01 -1.47177667e+00 -3.94466314e-01 1.92872854e+00
 2.75237873e+01 -2.86356189e-01 -6.28758159e-01 1.80419140e+00
 2.71397396e+01 9.31709496e-01 -3.07673911e-01 2.13106737e+00
 2.74581501e+01 -2.28951131e+00 3.53747630e-01 1.76180631e+00
 2.74004126e+01 -1.39571159e+00 7.21290184e-03 2.17874946e+00
 2.73693503e+01 -4.43974299e-01 5.10220428e-01 1.96474313e+00
 2.73530746e+01 2.16927188e-01 -3.16544907e-01 1.42855359e+00
 2.71356687e+01 1.18836212e-01 -7.30664199e-01 1.99258060e+00
 2.71550750e+01 3.33947376e-02 -6.98789245e-01 2.15498534e+00
 2.70089750e+01 -2.30686972e+00 -4.55257861e-01 2.21587540e+00
 2.71441790e+01 -7.05494823e-01 6.78263831e-01 1.28368461e+00
 2.69499359e+01 -1.49707225e+00 -7.63758156e-01 2.40958991e+00
 2.71786483e+01 -9.71170204e-01 -7.58051646e-01 1.98970165e+00
 2.67469626e+01 1.85059028e+00 2.43031474e-01 2.04700246e+00
 2.68737886e+01 -2.38063709e+00 -5.16010456e-01 1.95882283e+00
 2.69243188e+01 -2.12461887e+00 -7.15086752e-01 1.89696722e+00
 2.61420906e+01 -1.87201983e+00 -8.39384339e-01 2.10106755e+00
 2.68652875e+01 6.84323343e-01 -7.46596856e-01 1.87636228e+00
 2.68626693e+01 -1.48670396e+00 2.88783103e-01 1.81049780e+00
 2.68330195e+01 -2.47997922e+00 -4.18003326e-01 2.33109774e+00
 2.66898789e+01 -1.06121353e+00 -4.54155784e-01 2.04195601e+00
 2.67291967e+01 -1.37909969e+00 -1.53477064e+00 1.76108971e+00
 2.66082000e+01 -1.14977085e+00 3.74238801e-01 2.08169144e+00
 2.64633898e+01 -1.47014892e-01 -4.63442725e-01 1.61792304e+00
 2.64526356e+01 -1.39430674e+00 -6.49057832e-01 2.10558542e+00
 2.68162284e+01 -1.59137526e+00 -1.12268329e+00 2.05204372e+00
 2.62575468e+01 -2.11160338e+00 -9.04908400e-01 1.94199548e+00
 2.65223764e+01 -1.31685000e+00 -7.12592531e-02 1.65073056e+00
 2.70176130e+01 -1.53775887e+00 -3.47069220e-01 2.05740753e+00
 2.63498964e+01 -2.84709315e-01 -1.86531868e-01 1.78194108e+00
 2.66740366e+01 -1.68251141e+00 -3.10766598e-01 1.80457173e+00
 2.61597822e+01 1.79809076e-01 -5.88814464e-01 2.06542873e+00
 2.62288995e+01 -2.15282885e+00 -3.29069980e-01 1.66790186e+00
 2.60637476e+01 5.41261884e-01 4.19528554e-01 1.82946503e+00
 2.60724144e+01 1.62878787e-01 -2.60772436e-01 1.87020901e+00
 2.62578425e+01 -1.29101444e+00 -6.38022343e-01 1.77754658e+00
 2.61659037e+01 -4.28436163e-01 -2.19654550e-01 1.92753382e+00
 2.60078284e+01 -8.27860287e-01 -4.92209666e-01 1.64533129e+00
 2.64522768e+01 8.55753245e-01 -2.31197133e-01 1.70501051e+00
 2.58581915e+01 1.12079030e+00 8.33355705e-01 1.71136302e+00
 2.61550024e+01 -1.52512304e+00 7.67159396e-01 1.75153314e+00
 2.61135650e+01 -1.89898690e+00 2.46664702e-03 2.25547529e+00
 2.58584181e+01 2.53019081e-01 2.13841166e-01 1.39720106e+00
 2.57410166e+01 -1.48117597e-01 -5.61885729e-01 2.02575012e+00
 2.60031897e+01 -2.09722343e+00 -1.11598197e+00 1.41796335e+00
 2.60628317e+01 -3.88163132e-02 -4.34217792e-02 1.88736201e+00
 2.56565606e+01 -3.95213091e-01 -2.91046962e-01 1.61153448e+00
 2.56937636e+01 -9.73046194e-01 3.02008855e-01 1.76416226e+00
 2.57612384e+01 -1.08701837e+00 -3.16456686e-01 1.90959744e+00
 2.51954396e+01 -1.74853287e+00 -5.45878156e-01 1.75201085e+00
 2.53812056e+01 -7.84473072e-01 2.79652723e-01 1.75984468e+00
 2.54677242e+01 9.85501740e-02 6.18611559e-01 1.98779385e+00
 2.56081504e+01 -1.04061354e+00 1.93865840e-02 1.57317959e+00
 2.55356470e+01 -7.05679962e-01 -2.75497058e-01 1.65690357e+00
 2.53004683e+01 -1.94125609e-02 6.37178009e-02 1.61682090e+00
 2.54738788e+01 -1.91057208e+00 -4.61388530e-01 1.94350236e+00
 2.53317211e+01 -1.56244720e-01 6.85097530e-01 2.13911038e+00
 2.53208068e+01 -4.20083983e-01 -4.35992106e-01 1.61945087e+00
 2.50481746e+01 -1.48705126e+00 -2.99625023e-01 2.19106838e+00
 2.52083822e+01 -2.56056171e+00 5.55296759e-01 1.94402946e+00
 2.50548334e+01 -1.22306820e+00 5.66880640e-01 2.24618523e+00
 2.51287975e+01 9.53657948e-01 -5.35783896e-02 2.17519525e+00
 2.49200170e+01 -1.33320590e+00 1.97970777e-01 1.84357586e+00
 2.49534695e+01 -9.04946728e-01 3.95029790e-01 1.78310693e+00
 2.50714068e+01 -4.91771270e-01 -6.05727330e-03 1.93549634e+00
 2.47476840e+01 -1.40116051e+00 -2.95766236e-02 2.12778553e+00
 2.47074923e+01 -1.43317873e+00 -4.36210263e-01 2.05209129e+00
 2.47511086e+01 1.50587877e+00 5.67016274e-01 1.71166756e+00
 2.45215070e+01 -1.21775815e+00 5.23209937e-01 1.74678327e+00
 2.47673284e+01 -6.78081344e-01 -3.90817556e-01 1.28628409e+00
 2.49020373e+01 -2.19340652e+00 3.93025469e-02 2.30888010e+00
 2.48995546e+01 -1.17387680e+00 3.46095578e-01 1.84812777e+00
 2.46402646e+01 -1.02300723e+00 7.40871333e-01 2.07467239e+00
 2.45802596e+01 5.56857083e-01 1.29440499e+00 2.23562979e+00
 2.44384950e+01 -5.93214720e-01 -5.76225403e-01 2.08796609e+00
 2.45052623e+01 -1.90424653e+00 2.88427987e-01 2.08170370e+00
 2.45084704e+01 4.40305685e-01 -2.00878563e-01 1.76974890e+00
 2.43702604e+01 -4.16210092e+00 5.57610550e-01 1.31074989e+00
 2.42263482e+01 -1.77737955e+00 8.77283475e-01 2.14261199e+00
 2.43310426e+01 -1.22107521e+00 -2.10479834e-02 1.90251098e+00
 2.42257581e+01 -1.95361463e+00 -3.75390752e-02 1.37531527e+00
 2.41703802e+01 -7.53580235e-01 2.49650319e-01 2.03899750e+00
 2.40307575e+01 2.69047042e-01 -2.41173673e-01 1.46497998e+00
 2.45820221e+01 -9.85408952e-01 6.93535461e-01 1.73135484e+00
 2.40732978e+01 -7.29236630e-01 -5.40296503e-01 1.83878031e+00
 2.40682091e+01 -1.33549583e+00 2.30772192e-01 2.05894948e+00
 2.42161636e+01 -1.04410965e+00 7.92780680e-02 2.23600866e+00
 2.41212106e+01 -1.20177958e+00 2.94633204e-01 2.24408452e+00
 2.40639923e+01 -4.66158319e-01 2.85992184e-01 2.01607033e+00
 2.41713692e+01 -7.71323385e-01 9.73813373e-01 1.62881687e+00
 2.39641314e+01 -1.45112615e+00 1.29666039e-02 1.99767992e+00
 2.37032406e+01 -6.31375740e-01 5.62752226e-01 1.79316979e+00
 2.32282595e+01 -2.47049737e+00 -5.34865233e-01 1.64682382e+00
 2.40176804e+01 -8.02419831e-01 9.68496372e-02 1.99336671e+00
 2.37546134e+01 -1.57148321e+00 4.48883119e-01 1.95720247e+00
 2.37783803e+01 8.12812895e-01 -3.72660658e-01 1.62340811e+00
 2.36888005e+01 -1.76419612e+00 1.41232263e-01 1.82589771e+00
 2.38185012e+01 7.71299250e-01 -2.06501814e-01 2.00639365e+00
 2.33977068e+01 5.83444009e-01 1.11456289e+00 1.79313153e+00
 2.36200016e+01 -8.55171533e-01 2.68764861e-01 1.90257382e+00
 2.31699459e+01 8.54813481e-01 8.46745266e-01 1.90272207e+00
 2.35272816e+01 7.72291247e-02 -1.71998948e-01 2.39022330e+00
 2.36528732e+01 -2.29670000e+00 1.09220232e+00 2.02635403e+00
 2.37059071e+01 -1.75708502e+00 4.16220354e-01 1.96639684e+00
 2.34299545e+01 -2.94188740e+00 -3.51221070e-01 1.97361183e+00
 2.34544334e+01 -1.85124763e+00 2.79387515e-01 1.33542054e+00
 2.30857370e+01 -1.59926379e+00 -6.45927347e-01 1.79874848e+00
 2.29546867e+01 -1.42749446e+00 7.29656660e-02 1.35224007e+00
 2.33823691e+01 -2.16134754e+00 1.09245653e+00 1.89523994e+00
 2.34064611e+01 8.81322478e-01 4.31359180e-01 2.07452401e+00
 2.33104413e+01 -4.65578243e-01 5.71110123e-01 1.79863403e+00
 2.27497246e+01 -3.32947750e-01 7.35025662e-01 2.04149463e+00
 2.31073988e+01 -2.48130206e+00 3.54226008e-01 1.25720992e+00
 2.27173680e+01 -1.61919490e+00 -6.18419038e-02 1.97036920e+00
 2.30834699e+01 5.84992924e-01 -7.93162879e-02 2.14558408e+00
 2.29218569e+01 -1.57117727e+00 9.85756918e-02 2.08907716e+00
 2.30997862e+01 1.30275469e-01 5.34016223e-01 1.56326015e+00
 2.26981094e+01 -6.92579002e-01 7.10626712e-01 1.60652222e+00
 2.30464662e+01 -8.43744293e-01 2.39251965e-01 1.62231871e+00
 2.29299720e+01 -1.61946488e-01 7.24211584e-02 1.76561646e+00
 2.26388704e+01 -2.55219946e-01 4.12250868e-01 1.53106596e+00
 2.29212898e+01 -5.75110106e-01 3.84640719e-01 1.86158941e+00
 2.25572761e+01 -8.57919316e-01 1.21974186e-01 1.53398825e+00
 2.26958586e+01 -2.30098157e+00 9.55242833e-01 1.95398676e+00
 2.25906267e+01 -3.61006150e-01 1.15609586e-01 1.94454103e+00
 2.28764773e+01 1.15814997e+00 4.92520238e-01 1.85742275e+00
 2.26288188e+01 -1.50839599e+00 1.09641819e-01 1.84271732e+00
 2.30576249e+01 -4.86310146e-01 4.83131869e-01 2.16596192e+00
 2.27107526e+01 6.94724854e-01 6.46954888e-03 1.49405921e+00
 2.30580104e+01 -1.59805682e+00 4.59190046e-01 1.96636192e+00
 2.26560217e+01 1.51431985e+00 6.82744287e-01 1.78761115e+00
 2.28135936e+01 -1.81201244e+00 2.18780382e-03 2.04281301e+00
 2.24611709e+01 9.97237379e-01 -5.92147917e-01 1.72049454e+00
 2.26810105e+01 7.94713141e-01 1.52525196e+00 2.16661144e+00
 2.28101396e+01 -1.30108536e+00 6.08551133e-01 1.94878266e+00
 2.24608624e+01 -1.34002402e+00 6.77265741e-01 1.89095785e+00
 2.23632599e+01 -3.76830731e-01 -2.11968870e-01 2.41630345e+00
 2.25800766e+01 -1.05900045e+00 1.03048644e+00 1.82650946e+00
 2.25128653e+01 -1.77693174e+00 6.92215159e-01 1.51979667e+00
 2.23641199e+01 -6.86310479e-01 9.65026048e-01 1.84068502e+00
 2.25065300e+01 -8.18492689e-01 1.07046139e+00 1.79793976e+00
 2.25342024e+01 -3.16786032e-01 6.75174318e-01 2.00040394e+00
 2.25304578e+01 -5.17487694e-01 1.16491256e+00 1.66615992e+00
 2.21136204e+01 -1.48079447e+00 3.20823991e-01 1.70002578e+00
 2.28451268e+01 2.69787931e-01 3.51165590e-01 1.66544476e+00
 2.23546794e+01 -9.16252503e-01 5.46073949e-01 1.35570235e+00
 2.24384941e+01 -2.86640067e-01 3.08115640e-01 2.10071276e+00
 2.23169340e+01 2.97257505e-01 2.99087476e-01 1.64619548e+00
 2.25176910e+01 -7.16426134e-01 9.43405206e-01 1.86552155e+00
 2.21341846e+01 -1.73626751e+00 7.13258230e-01 1.93397262e+00
 2.23768477e+01 4.59515347e-01 5.12257977e-01 1.76337086e+00
 2.22137263e+01 -1.25327295e+00 4.32269981e-01 1.54445036e+00
 2.20940010e+01 -3.24011562e-01 3.11425155e-01 2.19856668e+00
 2.23705705e+01 1.43889848e+00 5.75270656e-01 1.93117809e+00
 2.20837895e+01 -9.66290676e-02 -4.98072213e-01 1.42791486e+00
 2.22509176e+01 -7.62899478e-01 -2.43786550e-02 1.77645153e+00
 2.22637844e+01 -1.13765615e+00 8.11143116e-01 1.73405689e+00
 2.23363245e+01 -1.59245507e+00 3.28892821e-02 1.87842276e+00
 2.22169516e+01 -1.43694602e+00 5.76288850e-01 2.24068078e+00
 2.20184968e+01 -2.17014456e+00 3.35156532e-01 1.14389993e+00
 2.25081756e+01 7.37595039e-01 3.08181295e-01 2.05209142e+00
 2.18679981e+01 -1.31990225e+00 -3.57594058e-01 1.65542663e+00
 2.17712377e+01 -2.91918008e-01 1.18740460e-01 1.50028632e+00
 2.18671126e+01 -3.94052853e-01 1.29968228e+00 2.03056330e+00
 2.17050190e+01 -2.27140710e+00 6.78207620e-01 1.79802550e+00
 2.18645061e+01 -8.22795173e-01 4.11881092e-01 2.10597387e+00
 2.16362130e+01 -6.02650351e-01 8.69184337e-01 1.79875232e+00
 2.17039282e+01 -3.68714757e-01 5.68523779e-01 1.75142937e+00
 2.17826335e+01 6.36773719e-01 5.01335305e-01 1.60956526e+00
 2.17670985e+01 -8.72852232e-01 -5.41432590e-02 1.66152400e+00
 2.18307387e+01 -5.89714812e-01 1.26907836e-01 1.49235482e+00
 2.10571104e+01 -2.02863240e-01 1.12368934e+00 1.83174717e+00
 2.13400855e+01 -8.57898281e-01 9.00692624e-01 1.80576899e+00
 2.16675411e+01 -1.27396132e+00 -6.36786138e-02 2.08368791e+00
 2.17210890e+01 -2.27195379e+00 4.17581456e-01 2.22536744e+00
 2.14594162e+01 -3.68951893e-01 -1.81264478e-02 1.95078177e+00
 2.19058110e+01 9.92843126e-01 -6.71106902e-01 2.22854069e+00
 2.17151795e+01 -1.61165017e+00 8.04148722e-01 1.74556421e+00
 2.14261762e+01 -1.93445223e+00 7.35401969e-01 1.99183840e+00
 2.13165170e+01 -1.11713222e+00 5.94513283e-01 1.74933105e+00
 2.12735795e+01 -1.61506309e+00 6.30366574e-01 2.25344126e+00
 2.15521264e+01 1.45117158e-01 4.30523332e-01 2.10612556e+00
 2.15157111e+01 -8.19127840e-01 1.35680020e-02 2.05730041e+00
 2.08427137e+01 -1.02277304e-02 8.64609577e-01 1.72663352e+00
 2.14252034e+01 -1.47133429e+00 4.82435527e-01 1.64790227e+00
 2.09959261e+01 -1.36925646e+00 -3.82223227e-01 1.47401663e+00
 2.12830009e+01 -7.72215926e-01 -5.35355141e-02 1.80497306e+00
 2.11650796e+01 1.79533277e-01 -2.46203006e-01 1.94108736e+00
 2.06833995e+01 -1.17054067e+00 3.86131489e-01 1.76641904e+00
 2.06906069e+01 -7.44368251e-03 3.95353986e-01 2.39316324e+00
 2.07652954e+01 -1.27443613e+00 1.69462890e-01 1.79976013e+00
 2.07853276e+01 -8.29550164e-01 7.25521451e-01 1.79525003e+00
 2.05411385e+01 -1.19161915e+00 -1.01113893e-01 1.90261555e+00
 2.09017664e+01 -2.57979005e-01 -5.30147570e-01 2.01713847e+00
 2.04078338e+01 -1.24016264e+00 6.87646829e-02 1.83112276e+00
 2.06216958e+01 8.40912017e-02 9.00126986e-01 1.76243358e+00
 2.03851185e+01 -2.29716439e+00 2.76285035e-01 1.63572338e+00
 2.05331741e+01 -8.58342811e-01 7.78237728e-01 2.38410785e+00
 2.05624415e+01 -3.95709870e+00 -1.52458311e-01 1.50853197e+00
 2.05736807e+01 -8.98896683e-01 5.68413361e-01 1.78090707e+00
 2.03764514e+01 -2.11654488e+00 3.81167729e-01 1.68500690e+00
 2.04419496e+01 -2.00568862e+00 4.28992459e-01 1.84180064e+00
 2.02046904e+01 1.21324869e+00 9.67363362e-01 1.71457109e+00
 2.00540340e+01 -2.13814161e+00 3.00693296e-01 1.52990558e+00
 2.00343526e+01 -4.45837769e-01 1.44627365e+00 1.76347705e+00
 2.00647112e+01 -2.45928202e+00 4.84027976e-01 1.63665944e+00
 2.03799979e+01 -1.58681217e+00 3.92933352e-01 2.34457032e+00
 2.02873487e+01 -1.35172946e+00 8.01989597e-01 1.84675740e+00
 2.01233130e+01 -9.52465476e-02 8.75837776e-01 2.16993179e+00
 1.99618586e+01 4.77631454e-01 3.77139194e-01 2.14390469e+00
 1.96199935e+01 -6.25208716e-01 6.17751183e-01 1.77900447e+00
 1.97989566e+01 -1.14170700e+00 1.50291629e-01 1.99648516e+00
 1.94568026e+01 -1.92377137e+00 9.84571742e-01 1.82697790e+00
 1.95197754e+01 -1.92257090e+00 5.48089913e-01 1.73903160e+00
 1.97153212e+01 2.29448840e-01 1.03893459e+00 2.22061180e+00
 1.93189268e+01 -1.61511939e+00 8.62325759e-01 1.44867278e+00
 1.92905938e+01 1.18264637e-01 7.32464648e-01 1.73518664e+00
 1.93796974e+01 -9.42317141e-02 -4.40938002e-01 1.62822364e+00
 1.95176173e+01 -2.00737523e+00 -7.52326716e-02 1.57874438e+00
 1.92471328e+01 -1.76649780e+00 7.91924007e-01 1.93391784e+00
 1.92655494e+01 -1.14457663e+00 6.56875721e-01 1.38942635e+00
 1.94632005e+01 -2.24668568e-01 -6.13763687e-01 2.36800797e+00
 1.90680585e+01 -1.02333137e+00 8.23680672e-01 1.75352445e+00
 1.91312772e+01 -1.73305456e-01 7.87305952e-01 2.17214359e+00
 1.90350546e+01 -2.65600332e+00 1.31801527e-02 1.45081766e+00
 1.89641498e+01 -5.51436302e-01 -8.26324560e-01 1.99148611e+00
 1.91227055e+01 -5.53102732e-01 5.68735193e-01 1.74357018e+00
 1.89493667e+01 2.10192058e-02 7.50622188e-01 1.53959119e+00
 1.91467668e+01 -7.21439446e-01 -2.90031035e-01 2.01170529e+00
 1.89018990e+01 -6.95976437e-01 -3.25731872e-02 1.88622728e+00
 1.89563204e+01 -8.98080002e-01 8.63621987e-02 1.43101004e+00
 1.90963671e+01 -7.82378034e-01 -2.35943776e-01 2.19191048e+00
 1.89001207e+01 -1.84509047e+00 4.13720006e-01 1.66006969e+00
 1.87843948e+01 -1.29277604e+00 2.24528964e-01 1.78078817e+00
 1.88326424e+01 -1.74206810e+00 -1.15331251e-01 1.72969308e+00
 1.89395760e+01 -1.40702298e+00 2.76763201e-02 1.79815873e+00
 1.84861634e+01 -3.30344209e-01 6.56911254e-01 1.94703771e+00
 1.87233066e+01 -1.38671568e+00 2.71079225e-01 1.97730591e+00
 1.80332813e+01 -8.41088720e-01 4.75607837e-01 1.53386408e+00
 1.86958218e+01 -4.66487148e-01 -5.24252790e-02 1.49799779e+00
 1.85424756e+01 -9.18729167e-01 -4.12669399e-01 2.15304237e+00
 1.86821117e+01 -1.68830774e+00 -3.39274395e-01 1.82350348e+00
 1.84869767e+01 -1.50956864e+00 2.94845982e-01 1.32635817e+00
 1.81616240e+01 -1.90621857e-01 1.63535154e-01 1.83650892e+00
 1.82840198e+01 -1.30412689e+00 5.87220429e-01 1.90301813e+00
 1.82505958e+01 -1.16395105e+00 5.56786946e-01 2.08262380e+00
 1.80349935e+01 -1.91995732e-01 7.19053318e-01 1.76222153e+00
 1.80261251e+01 -3.50123484e+00 -1.33659561e-01 1.89291589e+00
 1.83352979e+01 -1.34683730e+00 1.02875917e-01 1.75122065e+00
 1.81914871e+01 -3.59834471e+00 4.15097233e-01 2.13133208e+00
 1.79695918e+01 -1.79285120e+00 -8.36962059e-02 1.89958511e+00
 1.80780403e+01 -6.78596428e-01 8.92692899e-01 2.08338141e+00
 1.81631086e+01 -1.59058104e+00 -2.44752464e-02 2.13007567e+00
 1.79963150e+01 -1.80993167e-01 1.45633482e-01 2.04664039e+00
 1.75329351e+01 -2.56407370e+00 -1.49939251e-01 2.08598780e+00
 1.76222725e+01 -2.17288153e+00 -1.54365776e-01 2.11841595e+00
 1.76682526e+01 -1.08321076e+00 -2.02073875e-01 1.84625213e+00
 1.76914216e+01 -8.30840060e-01 1.93773631e-01 1.71317754e+00
 1.75212831e+01 -1.06646567e+00 1.09520697e+00 2.26419359e+00
 1.75344711e+01 -3.15424608e+00 -4.06709324e-02 1.70802427e+00
 1.76718732e+01 -1.79207082e+00 4.58528520e-01 1.09683782e+00
 1.72993435e+01 -2.62749866e+00 9.60486967e-01 2.18795672e+00
 1.73440613e+01 -1.83965648e+00 6.12209714e-01 1.80252707e+00
 1.70558211e+01 -4.58845183e-01 1.47013134e-01 2.04963968e+00
 1.72663393e+01 -2.81658643e+00 -3.03260565e-01 1.81683625e+00
 1.72293593e+01 -8.88868256e-01 -1.75917914e-01 1.44606591e+00
 1.70406742e+01 -7.88857499e-02 5.45757124e-01 1.98432043e+00
 1.70460397e+01 -1.37722063e+00 1.66038778e-01 1.75104189e+00
 1.71220185e+01 -2.26704440e+00 -6.02041281e-01 1.91171306e+00
 1.68474760e+01 1.09288135e-01 -3.54916748e-01 1.70099248e+00
 1.71242914e+01 -1.06442562e+00 9.46114548e-01 1.95471760e+00
 1.66308213e+01 -1.48658410e+00 4.84195935e-01 1.51937472e+00
 1.71757237e+01 9.08998576e-01 5.58621017e-01 1.54977211e+00
 1.70199761e+01 -2.19332852e+00 9.68697808e-01 1.84359226e+00
 1.66669461e+01 -1.85763360e-01 -3.75229875e-01 1.84371047e+00
 1.65945157e+01 -1.77994859e+00 2.12144403e-02 2.06217512e+00
 1.66785822e+01 6.59720295e-01 5.48124306e-01 1.52405394e+00
 1.65654115e+01 -4.27726120e-01 9.44529373e-02 1.79245308e+00
 1.67045490e+01 -1.66084331e+00 -2.37061959e-01 2.02501426e+00
 1.64857203e+01 -1.82677453e+00 1.72452712e+00 1.76020561e+00
 1.64622669e+01 -2.34848709e+00 1.66139745e-01 1.50609327e+00
 1.63099185e+01 -2.51352866e+00 4.28657468e-01 1.76815971e+00
 1.62488808e+01 -1.01414742e+00 -2.11892697e-01 2.12794132e+00
 1.62780970e+01 -1.56813133e+00 1.15596975e+00 2.04135108e+00
 1.62343638e+01 -8.19763952e-01 9.48070594e-01 1.97892938e+00
 1.61447117e+01 -2.17256845e+00 6.64369240e-01 2.01587373e+00
 1.61480785e+01 -1.67891980e+00 2.16398697e-01 1.69680986e+00
 1.62173653e+01 -2.10515258e+00 2.89483007e-01 1.57646921e+00
 1.58798073e+01 -1.38612812e+00 2.62404382e-01 1.88434894e+00
 1.61563265e+01 -1.44892997e+00 1.06270243e+00 1.97090028e+00
 1.59940599e+01 -2.81748300e+00 -1.20366979e-01 1.90671549e+00
 1.56716564e+01 1.09920149e+00 1.25931546e-01 1.89246369e+00
 1.56373358e+01 -1.63645818e+00 -2.01532263e-01 1.90630245e+00
 1.56084893e+01 -5.14719420e-01 -7.54717385e-02 2.33286760e+00
 1.59771755e+01 -2.98729691e-01 5.31352600e-01 1.87111132e+00
 1.55008233e+01 -1.82535129e+00 -7.61934704e-01 2.32588090e+00
 1.53152653e+01 2.61802074e-01 -6.25714721e-01 1.82558147e+00
 1.52283788e+01 -7.18372541e-01 -1.67146123e-01 1.98132844e+00
 1.58791421e+01 -1.96108923e+00 1.24698961e-01 2.14749137e+00
 1.58175794e+01 -3.75642377e-03 6.17949288e-01 1.74405495e+00
 1.55986220e+01 -9.23526237e-01 1.60289659e+00 1.92569804e+00
 1.52009765e+01 -2.02620271e+00 1.23061859e-01 1.75873070e+00
 1.49684302e+01 1.63296645e-01 -5.92241735e-01 1.49389456e+00
 1.50748937e+01 -5.84268607e-01 1.00591321e+00 2.19905873e+00
 1.53311968e+01 -4.56278551e-01 -2.12617198e-01 1.75053823e+00
 1.48469115e+01 -2.08459841e-01 1.35672902e-02 1.80948650e+00
 1.51527468e+01 -1.08730549e+00 2.28796047e-01 1.95132791e+00
 1.50245018e+01 -2.66055222e+00 1.61332842e-01 1.71643078e+00
 1.50401474e+01 -1.16052091e+00 1.36315451e-01 1.47113918e+00
 1.47878609e+01 -1.59207839e+00 -2.70299127e-01 2.11621910e+00
 1.45817466e+01 -8.52587091e-01 -6.56676913e-02 1.85395961e+00
 1.46469435e+01 -9.34542132e-01 6.50895147e-02 1.25997139e+00
 1.44370979e+01 -1.92687163e+00 3.57687089e-01 1.64437330e+00
 1.48294004e+01 -3.16535876e+00 -2.94919343e-01 2.30033951e+00
 1.46242407e+01 -1.51492417e+00 -5.23876464e-01 1.67996083e+00
 1.44416011e+01 6.46333045e-02 7.53076918e-01 2.00012368e+00
 1.44351914e+01 -2.98305577e-01 4.55484808e-01 2.06305496e+00
 1.43084207e+01 -1.45652605e+00 4.51078416e-01 2.14671619e+00
 1.41453762e+01 -2.94243404e+00 7.21019798e-01 1.84280720e+00
 1.42408721e+01 -1.87840929e+00 -2.42407080e-01 2.06866544e+00
 1.43626688e+01 -1.42386821e+00 2.01833751e-01 1.78473356e+00
 1.43585975e+01 -2.12436893e+00 2.08455241e-01 1.63362660e+00
 1.40805728e+01 -6.03549658e-01 -1.47187355e-01 2.46092811e+00
 1.44228501e+01 -1.29873061e+00 1.83414293e-01 1.76950806e+00
 1.38990642e+01 -3.81700967e+00 -3.59591358e-02 1.86094337e+00
 1.39115369e+01 -2.03768228e+00 -7.67343428e-02 2.12030920e+00
 1.42666112e+01 -1.81781121e+00 -1.65454273e+00 1.68796337e+00
 1.40609511e+01 3.64560253e-01 -4.16201058e-01 2.30050127e+00
 1.40173931e+01 -3.17901269e+00 -9.64270635e-01 2.00332349e+00
 1.37457468e+01 -6.18654579e-01 4.42986361e-01 2.06774890e+00
 1.36701075e+01 -2.25642213e+00 -2.92907698e-01 1.65040019e+00
 1.37554471e+01 -3.13132900e+00 -3.79915386e-01 1.64566579e+00
 1.35724177e+01 -3.89977644e-01 3.96688895e-01 1.97740117e+00
 1.33159838e+01 -2.01845072e+00 -1.50298209e-01 1.89205427e+00
 1.33993991e+01 -1.88578931e+00 -7.38304263e-02 1.46084420e+00
 1.34375910e+01 -1.68768658e+00 -4.57258537e-01 1.48430434e+00
 1.33881658e+01 -1.49741369e+00 -2.46614780e-01 1.87825044e+00
 1.36460882e+01 -5.92475103e-01 -5.37795538e-01 2.14305896e+00
 1.35000535e+01 -3.15661685e+00 3.88728378e-01 1.52259352e+00
 1.29162440e+01 -3.16843274e+00 3.32846399e-01 1.66354866e+00
 1.28791061e+01 -9.41326859e-01 4.22961516e-01 2.08769169e+00
 1.29850495e+01 -1.94628964e+00 -2.07117374e-01 1.54405519e+00
 1.30054731e+01 -3.84372410e+00 -4.46421535e-01 1.82030823e+00
 1.26478100e+01 -1.48567050e+00 -1.21306810e-01 1.68753959e+00
 1.27122927e+01 -2.38289208e+00 -4.61011587e-01 1.77764880e+00
 1.26839076e+01 -1.03775772e+00 -4.94831296e-01 1.39213725e+00
 1.26976947e+01 -3.20465735e+00 -5.77183170e-01 1.70786328e+00
 1.25322435e+01 -8.04285425e-01 9.49368942e-02 1.32223396e+00
 1.25765655e+01 -1.31702655e+00 -1.02945055e+00 1.78465102e+00
 1.25497959e+01 -1.68630820e-01 -5.80583959e-01 1.81086434e+00
 1.27293898e+01 -4.39875332e-01 -4.09795537e-03 2.07692027e+00
 1.27503883e+01 -2.61701626e+00 -7.04390764e-01 1.74445703e+00
 1.24640526e+01 1.16204268e-01 -4.38671385e-01 1.75411727e+00
 1.21439898e+01 1.31677469e-03 -5.23510340e-01 1.78707063e+00
 1.22064992e+01 -1.09795985e-01 -8.49304216e-01 1.94528295e+00
 1.22575113e+01 -9.25922639e-01 -6.07235981e-01 2.22548263e+00
 1.21353553e+01 -1.68937048e+00 -5.81412875e-02 1.78580366e+00
 1.21895863e+01 -1.35931189e+00 3.88632648e-01 1.57897548e+00
 1.22633067e+01 -2.45035309e+00 -9.48563015e-01 2.02144550e+00
 1.22485975e+01 -1.35711020e+00 -2.82540901e-01 1.49317042e+00
 1.20813530e+01 3.62268340e-01 -2.12757083e-01 2.17066648e+00
 1.24242172e+01 -2.31500934e+00 3.15245421e-01 1.72970454e+00
 1.20951236e+01 -3.19295941e-01 2.27613339e-01 1.85801195e+00
 1.20262138e+01 -2.16490856e+00 -1.06928784e+00 1.81421992e+00
 1.15146491e+01 -1.17072816e+00 -3.99490050e-01 2.00502497e+00
 1.14852531e+01 -1.19220970e+00 -6.18443182e-01 2.01196327e+00
 1.17525058e+01 -2.80154145e+00 -6.52888348e-01 1.92666173e+00
 1.14377644e+01 -2.50682683e+00 2.90174807e-01 2.15562929e+00
 1.15024190e+01 -2.24738894e+00 -5.56919592e-01 2.34916819e+00
 1.16377988e+01 -6.83958181e-01 2.12573428e-01 1.68936233e+00
 1.15849536e+01 -2.67858321e+00 6.47519615e-02 2.29634009e+00
 1.14562170e+01 -3.22360651e+00 -5.11678023e-02 1.85779520e+00
 1.12823891e+01 -1.31750301e+00 -1.34582142e-01 2.30364632e+00
 1.08940841e+01 -5.60072700e-01 -1.12092292e+00 1.68219030e+00
 1.09935350e+01 -1.43499963e+00 -7.58502616e-01 1.80430432e+00
 1.08228084e+01 -1.01781805e+00 -6.95019919e-01 1.68589962e+00
 1.07461204e+01 -3.98456234e-01 -7.56042908e-01 1.71109186e+00
 1.09881503e+01 -2.02288939e+00 -9.81143843e-01 2.30573096e+00
 1.08257388e+01 -1.89816847e+00 4.50202977e-01 1.49060986e+00
 1.11635391e+01 -9.26522536e-01 2.19606453e-01 2.03388968e+00
 1.08609426e+01 -8.59416965e-01 6.92601328e-01 1.93605995e+00
 1.09110349e+01 -5.65175715e-01 -7.08208903e-01 1.63806590e+00
 1.05951544e+01 -2.43205012e+00 -5.79838907e-01 2.07674867e+00
 1.07853007e+01 -3.15869445e+00 -8.10207316e-01 1.78276701e+00
 1.07331005e+01 -1.00966464e+00 -7.55637293e-01 1.88238408e+00
 1.08204385e+01 -1.56371845e+00 -5.97578656e-01 1.72445268e+00
 1.06945668e+01 -3.75963286e+00 -6.54233334e-01 1.86885649e+00
 1.02406194e+01 -1.67160042e+00 1.48099967e-01 1.90288649e+00
 1.02055973e+01 -1.46826940e+00 2.44102991e-02 1.79366176e+00
 1.01066246e+01 -2.88505391e+00 -6.48390445e-01 2.17750070e+00
 1.02338756e+01 -1.56181399e+00 6.33794213e-02 2.06436377e+00
 1.01411227e+01 -1.38223698e+00 -1.30535518e+00 1.75410338e+00
 1.00783319e+01 -1.87548685e+00 -3.36255715e-01 1.97204391e+00
 1.01842285e+01 -2.40110342e+00 -6.76800327e-01 1.25000962e+00
 9.99825766e+00 -5.57230378e-01 -1.03933519e+00 1.97511837e+00
 1.01668798e+01 -2.21216404e+00 -7.35561126e-01 1.54796059e+00
 1.01953568e+01 -1.81725801e+00 -1.32492041e+00 1.33743478e+00
 9.61012724e+00 -1.32199598e+00 -5.95860352e-01 2.08783373e+00
 9.63869474e+00 7.53194115e-02 -4.48827163e-01 1.69586152e+00
 9.69699734e+00 3.43403133e-01 -8.32840663e-01 2.14863922e+00
 9.52618877e+00 -1.37645668e+00 -1.15327634e+00 2.12758290e+00
 9.85356455e+00 -1.48107528e+00 -6.92439011e-01 1.90705949e+00
 9.73647779e+00 -1.85418021e+00 -7.84162887e-01 1.65717536e+00
 9.23909464e+00 3.41636536e-02 -2.11600530e-01 2.11477975e+00
 9.79603956e+00 -6.62747343e-01 -2.16968387e+00 1.28793929e+00
 9.76847974e+00 -1.66632849e+00 -1.24260457e+00 1.77730924e+00
 9.62113239e+00 -3.01371911e+00 -7.38519600e-01 1.51290544e+00
 9.23297005e+00 -2.79523263e+00 -3.62776074e-01 1.83287082e+00
 9.38451286e+00 -7.91540167e-01 -5.98486842e-01 1.70852114e+00
 9.15340024e+00 -7.87268817e-01 -1.79951480e+00 2.15566431e+00
 8.94025445e+00 -3.00427004e+00 -1.80946596e+00 1.83236243e+00
 9.08825336e+00 -5.49451600e-01 -1.00409354e+00 1.99792934e+00
 9.29444776e+00 5.40010198e-01 -1.79224036e+00 1.37125340e+00
 8.94395336e+00 -1.74548808e+00 -1.57267890e+00 2.21323846e+00
 8.95003449e+00 8.73020823e-01 -1.69736772e+00 1.68655467e+00
 8.89990165e+00 1.45260338e+00 -1.82446695e+00 2.02005224e+00
 9.06981667e+00 -1.46122809e+00 -1.02138550e+00 1.87308675e+00
 8.65003530e+00 -5.99323954e-01 -6.50682797e-01 1.85724525e+00
 8.67828990e+00 -7.36878033e-01 -1.82023433e+00 1.74797714e+00
 8.92274127e+00 -2.07232253e-01 -1.08853251e+00 1.33587102e+00
 9.03037451e+00 -3.86422389e-01 -2.27299272e+00 2.15833778e+00
 8.91888297e+00 -1.48507780e+00 -2.79243433e+00 1.89428336e+00
 8.64651869e+00 1.51506156e+00 -2.48240343e+00 1.98415968e+00
 8.96626980e+00 -1.38097074e+00 -1.19091783e+00 1.82804521e+00
 8.34905816e+00 3.69514327e-01 -1.56854573e+00 1.70908806e+00
 9.09272433e+00 3.80409771e-01 -2.44105924e+00 2.21971610e+00
 8.91075442e+00 -1.05266928e+00 -1.36242098e+00 1.79954455e+00
 9.12674317e+00 2.44947091e-01 -1.10595930e+00 2.21896129e+00
 8.67152795e+00 -1.12697160e+00 -1.78345630e+00 1.86279306e+00
 8.57060734e+00 -5.93461737e-01 -1.84990970e+00 1.57448503e+00
 8.91499729e+00 -1.51353766e+00 -2.90061219e+00 1.74110945e+00
 8.98123563e+00 2.14055606e-01 -1.49701976e+00 1.99278050e+00
 8.46845760e+00 2.36877985e-01 -1.76406391e+00 1.89425786e+00
 8.65976286e+00 -1.48561469e-01 -2.31842066e+00 2.05157548e+00
 9.08120277e+00 -1.87506412e+00 -1.59042669e+00 2.18832585e+00
 8.74278365e+00 -1.66593734e+00 -1.29590163e+00 1.91304184e+00
 8.81258160e+00 3.16726573e-01 -1.58830937e+00 1.93821173e+00
 8.79775191e+00 -7.31411957e-01 -1.94205069e+00 1.37443236e+00
 8.59851026e+00 -1.17325636e+00 -1.81119870e+00 1.92126163e+00
 8.38750281e+00 -1.09681408e-01 -2.18150504e+00 1.77136704e+00
 8.91989396e+00 -3.08010693e-01 -2.41898412e+00 1.30743346e+00
 8.76657942e+00 -5.82093082e-01 -2.26322075e+00 1.82151344e+00
 8.95169609e+00 -5.25072912e-02 -2.07355624e+00 2.56642621e+00
 8.73814684e+00 9.05599600e-01 -2.82974030e+00 1.39871425e+00
 9.04724018e+00 4.29098229e-01 -1.95290354e+00 1.77717619e+00
 9.02396774e+00 1.15525932e+00 -1.48956688e+00 1.84089743e+00
 8.95708647e+00 1.65459171e+00 -2.66096013e+00 2.12990447e+00
 9.11897964e+00 5.44437264e-01 -2.83469249e+00 1.49385695e+00
 8.57683568e+00 -4.59702095e-01 -2.22644615e+00 1.20380441e+00
 9.01999693e+00 -6.74070726e-01 -2.97229659e+00 1.92041364e+00
 8.74262154e+00 1.25127180e-01 -3.42570621e+00 2.01377621e+00
 9.00281297e+00 9.11372125e-01 -2.39781921e+00 1.73916341e+00
 8.85488792e+00 -4.17078053e-01 -3.40832393e+00 1.44845640e+00
 8.87629136e+00 7.19621006e-02 -3.33196777e+00 2.08034605e+00
 8.95328641e+00 -4.38412463e-02 -2.77223481e+00 2.14836670e+00
 8.66845455e+00 -1.67884798e+00 -2.86883727e+00 2.05800782e+00
 8.78771909e+00 9.88915114e-01 -2.82669682e+00 2.08788690e+00
 9.01452786e+00 -5.32479478e-01 -2.27426083e+00 1.38534108e+00
 9.22776166e+00 5.37819737e-01 -2.59650427e+00 1.47587306e+00
 9.14451173e+00 9.17034670e-01 -2.64714447e+00 2.04432366e+00
 9.43790251e+00 2.89951316e-01 -2.55694017e+00 1.74391853e+00
 9.04029809e+00 2.45944733e+00 -3.92058156e+00 2.33176556e+00
 9.26949711e+00 -3.91547706e-01 -3.27867570e+00 2.18408088e+00
 9.09148516e+00 1.15577790e+00 -2.72592831e+00 1.99025763e+00
 9.12749695e+00 -2.23318162e-01 -3.41326467e+00 1.63085232e+00
 9.49963106e+00 5.28716680e-02 -2.65092639e+00 1.71264822e+00
 9.47276201e+00 1.24317375e+00 -3.54719613e+00 1.68217749e+00
 9.64585513e+00 -4.79107251e-01 -2.93293932e+00 2.01153331e+00
 9.42732742e+00 2.51897904e+00 -3.42487847e+00 1.86566367e+00
 9.78194970e+00 1.56972142e+00 -3.73476257e+00 1.58583072e+00
 9.66365281e+00 1.51824877e+00 -3.18943852e+00 1.76011083e+00
 9.24517987e+00 2.81822370e-01 -4.09891382e+00 2.07887660e+00
 9.84307427e+00 4.94250780e-01 -3.51960446e+00 1.51171967e+00
 9.67815710e+00 2.94162276e+00 -3.65993364e+00 1.62660019e+00
 9.54306450e+00 8.83868794e-01 -3.74020781e+00 1.56218054e+00
 9.90090376e+00 6.29811206e-01 -4.29362685e+00 2.01379786e+00
 9.91279574e+00 6.53604296e-01 -4.51346980e+00 2.05377781e+00
 9.80818616e+00 1.02953644e+00 -3.82127645e+00 1.94075637e+00
 1.00851820e+01 1.78049566e-01 -3.13475452e+00 1.54479891e+00
 9.85254947e+00 3.83913170e-01 -4.11314833e+00 2.07972108e+00
 9.81889230e+00 -4.34639503e-02 -3.27671273e+00 1.39434258e+00
 1.00195390e+01 -1.22655737e-01 -3.38472647e+00 1.81611551e+00
 1.01290470e+01 1.42365093e+00 -3.77662549e+00 1.63658597e+00
 1.01102244e+01 1.87867260e+00 -3.46642027e+00 1.55009685e+00
 1.03851662e+01 8.65069983e-02 -4.21284405e+00 1.86069920e+00
 1.00545272e+01 -4.01814846e-02 -3.84324727e+00 1.75880789e+00
 1.01516870e+01 1.79813440e+00 -3.59486369e+00 1.74300416e+00
 1.05782010e+01 2.32020496e+00 -3.90346185e+00 1.83656190e+00
 1.02349351e+01 1.82006624e+00 -4.17608314e+00 1.87911890e+00
 1.06280784e+01 7.05687069e-01 -3.60009574e+00 2.23619443e+00
 1.07476714e+01 1.12196920e+00 -4.35452365e+00 2.44018468e+00
 1.04396452e+01 1.60164066e+00 -4.32501014e+00 1.86106839e+00
 1.07860438e+01 1.63027339e+00 -4.56651051e+00 1.80633054e+00
 1.06298082e+01 6.29111022e-01 -2.93655653e+00 1.71012662e+00
 1.07318879e+01 1.52982318e+00 -4.28574509e+00 2.09253585e+00
 1.07405079e+01 6.51124574e-01 -5.10458970e+00 1.76781523e+00
 1.06308143e+01 9.38154375e-01 -4.96917403e+00 1.51704300e+00
 1.03202225e+01 1.98791500e+00 -4.23102193e+00 9.47363655e-01
 1.07321354e+01 2.29909515e+00 -5.90492270e+00 2.01551046e+00
 1.08480045e+01 6.78762727e-01 -4.22041126e+00 1.56724673e+00
 1.10258925e+01 1.84054184e+00 -4.13220895e+00 1.99529041e+00
 1.08462252e+01 1.03336316e+00 -4.03660581e+00 1.66940479e+00
 1.09633343e+01 -8.13919762e-02 -4.09065125e+00 1.36584174e+00
 1.13318966e+01 1.55285253e+00 -4.50286877e+00 1.48721960e+00
 1.10114419e+01 4.68976586e-01 -5.02432996e+00 1.88726668e+00
 1.15617990e+01 1.37464721e+00 -4.46091990e+00 1.75251893e+00
 1.16280883e+01 7.80628213e-01 -4.75230363e+00 1.52891029e+00
 1.11678409e+01 4.62155136e-01 -5.06046544e+00 1.43287567e+00
 1.14424778e+01 1.56087834e+00 -4.28628512e+00 1.96397588e+00
 1.13658736e+01 3.70006081e-01 -5.40982035e+00 2.31738106e+00
 1.14537491e+01 3.81388596e-01 -4.34775374e+00 2.02090719e+00
 1.16807605e+01 2.11552477e+00 -4.99851635e+00 1.98255924e+00
 1.15249406e+01 9.47514089e-01 -4.63373057e+00 1.80787333e+00
 1.13483120e+01 1.53334396e+00 -5.36566740e+00 1.42038141e+00
 1.15431888e+01 7.03716836e-01 -5.19085788e+00 1.97522615e+00
 1.18971981e+01 3.42056241e-01 -4.93265966e+00 1.42489063e+00
 1.16288850e+01 9.56749644e-01 -4.29270529e+00 1.83707900e+00
 1.18060443e+01 4.87801317e-01 -5.74768114e+00 1.92780219e+00
