 3.02725175e+01 -9.31446763e-01 -1.21747508e+00 1.93126591e+00
 2.97996199e+01 1.75240022e+00 -3.94709320e-02 1.95022271e+00
 3.01524039e+01 -2.53490606e+00 1.22820085e+00 2.04301861e+00
 3.00671360e+01 -2.76685762e-02 -1.36851669e-01 2.09491140e+00
 2.98974966e+01 1.20499951e+00 3.11633053e-01 2.29940023e+00
 2.98851852e+01 -1.67821963e+00 -1.70549102e-02 2.31062344e+00
 2.98594823e+01 1.64343362e+00 5.77050574e-01 2.40006498e+00
 2.99020128e+01 -7.53981600e-01 1.46660283e-01 2.60542693e+00
 2.97247403e+01 -1.65418193e-01 4.00797333e-02 2.36573065e+00
 2.98517348e+01 2.16783361e-01 5.49292269e-01 2.01849577e+00
 2.99103609e+01 -8.57962732e-02 2.30058747e-01 2.28609729e+00
 2.99370470e+01 -9.47171026e-02 -6.14652591e-01 2.23324060e+00
 2.98462791e+01 -5.71983396e-01 7.21220469e-01 2.70305540e+00
 2.99530841e+01 -3.03539567e-01 1.64612038e-01 1.72499933e+00
 2.97260798e+01 5.24201906e-01 2.20671885e-01 1.98472851e+00
 2.99411899e+01 6.90707609e-01 3.31574235e-01 1.96746698e+00
 2.99826675e+01 -8.91979174e-01 2.90110226e-01 2.27175362e+00
 2.97688287e+01 -1.88000026e+00 9.93752811e-02 2.39165925e+00
 2.99386447e+01 -8.76484969e-01 -5.04561689e-01 1.94744104e+00
 3.02267087e+01 6.29287661e-01 -5.56411533e-01 2.17801228e+00
 3.01479646e+01 -1.22469300e+00 -4.08726754e-01 1.40512736e+00
 3.05185886e+01 2.06442322e-01 -4.08944052e-01 1.65953359e+00
 2.97428606e+01 1.31470090e+00 1.00637939e+00 2.21594411e+00
 3.00290762e+01 -4.53248227e-01 2.46602053e-01 1.98533950e+00
 2.97408932e+01 2.64122700e-01 -8.97769232e-01 2.59437961e+00
 3.01531688e+01 4.01341631e-01 -1.69828495e-01 1.96654276e+00
 3.02104105e+01 -1.53604693e+00 -5.00181617e-01 2.24117714e+00
 2.98443650e+01 -9.66710324e-02 -4.29227396e-01 2.22731135e+00
 2.98889433e+01 8.91450135e-01 2.88070059e-01 1.91373017e+00
 3.04671234e+01 -1.65875335e+00 2.53059694e-01 1.90003215e+00
 3.00096166e+01 -1.68187708e+00 3.00765155e-01 2.15066079e+00
 3.01959983e+01 -7.82278223e-01 -9.61614257e-02 1.97116435e+00
 2.98542464e+01 1.35338082e+00 -1.21157923e-01 2.34606840e+00
 2.97882784e+01 -6.92735765e-01 6.63606996e-01 2.09298823e+00
 2.97444107e+01 -9.32895740e-01 1.56241274e-01 2.48646126e+00
 2.97145832e+01 1.10492535e-01 3.24631249e-01 2.38625666e+00
 2.96084729e+01 -6.27796293e-01 1.10405990e+00 2.10318108e+00
 2.98677290e+01 -8.10696082e-02 5.54271464e-01 2.22577359e+00
 2.97800385e+01 -1.24547862e-01 4.15870519e-01 2.48316846e+00
 2.97421913e+01 2.04119903e+00 -3.33581101e-01 1.80797055e+00
 2.96639874e+01 2.15104770e+00 -1.00062529e-01 2.40080627e+00
 2.97137421e+01 2.08281477e+00 -1.21423140e-01 2.21910617e+00
 2.92366841e+01 6.51815020e-01 -6.23053015e-01 2.19642460e+00
 2.94704408e+01 -5.74984994e-02 -1.47050428e-01 1.89281346e+00
 2.96923562e+01 1.02226461e+00 1.05860189e-01 2.43847711e+00
 2.94744535e+01 -2.48771706e+00 4.87225379e-02 2.42475688e+00
 2.97380225e+01 6.66097317e-01 -4.74150277e-02 1.98798095e+00
 2.96588874e+01 -1.60019033e+00 -1.29137151e+00 2.13945905e+00
 2.98526077e+01 -9.94038450e-01 -1.02393747e-01 2.23372299e+00
 2.98802072e+01 7.23776734e-02 -5.53262688e-02 2.21715806e+00
 2.97436585e+01 -1.39224102e+00 1.43978214e-02 2.12290987e+00
 2.92503365e+01 -3.46314243e-01 3.61048591e-02 2.15581821e+00
 2.97318300e+01 -1.88200749e+00 -1.64561343e-01 1.72480770e+00
 2.97793476e+01 -3.52094968e-01 7.33811620e-01 2.04823010e+00
 2.93325809e+01 -1.71409420e+00 -4.72084611e-01 2.21688025e+00
 2.93166367e+01 4.58547164e-01 -2.06524005e-01 1.72522280e+00
 2.94922054e+01 4.18348136e-01 -5.05653778e-01 2.20666642e+00
 2.91698843e+01 -9.86120356e-03 -2.51150475e-01 1.88729970e+00
 2.94776915e+01 1.46452851e+00 -1.01546706e-01 2.57484939e+00
 2.93609018e+01 2.95844282e+00 6.75801110e-01 2.05716075e+00
 2.93017261e+01 -4.23462028e-01 -7.88539117e-01 2.24750259e+00
 2.95326834e+01 6.34896362e-01 2.34365529e-01 2.56017746e+00
 2.92842033e+01 5.98661084e-01 -2.73179281e-01 2.33713526e+00
 2.93820064e+01 1.67339502e+00 -1.13436089e-01 1.79337235e+00
 2.93464831e+01 -1.65473307e-01 9.80360963e-02 2.13704961e+00
 2.93833966e+01 2.44262178e-01 -1.59647741e-01 2.20169267e+00
 2.96753686e+01 7.33434706e-01 3.93274098e-01 2.29742090e+00
 2.87956492e+01 1.14816092e+00 4.16136559e-01 2.14049622e+00
 2.90092918e+01 -7.61062548e-01 3.45964903e-01 2.40234694e+00
 2.94690624e+01 -4.20723472e-01 4.14839159e-01 2.23719311e+00
 2.92025544e+01 -6.73348697e-01 1.83929181e-01 1.76337131e+00
 2.92475708e+01 -1.10548860e+00 -1.10786163e-02 1.89974857e+00
 2.92142199e+01 6.22143032e-01 1.67097272e-01 2.09361535e+00
 2.88592238e+01 -1.09229754e+00 1.37818289e-01 2.07341390e+00
 2.93150330e+01 9.74596026e-01 1.33902092e-01 2.21761934e+00
 2.90158776e+01 -1.97638344e+00 -1.08902224e-01 2.19656138e+00
 2.95528064e+01 -1.17168965e-01 -4.72146119e-01 2.12685223e+00
 2.95755894e+01 -1.99646962e-01 3.45815501e-02 2.31584067e+00
 2.92399904e+01 -7.00542280e-01 -7.14864422e-01 2.53259850e+00
 2.88072956e+01 9.59000072e-01 -5.53014898e-01 2.12131334e+00
 2.89505501e+01 -4.77658893e-01 -5.63507884e-01 2.19222330e+00
 2.89860866e+01 -1.29107593e+00 -4.81755875e-02 1.97970610e+00
 2.91921808e+01 2.64765381e-01 2.70050279e-01 2.26604535e+00
 2.89407006e+01 -6.52714926e-01 -3.44228543e-01 1.84934793e+00
 2.90239818e+01 -1.53725653e+00 -4.05197334e-01 2.15719331e+00
 2.91583149e+01 -5.92336960e-01 -3.24548967e-01 2.25978376e+00
 2.90944733e+01 3.84899894e-01 7.54766794e-01 2.50890619e+00
 2.91564486e+01 -1.31553870e+00 -1.28533008e-01 2.14448100e+00
 2.90971781e+01 1.07053153e+00 -1.87915745e-01 2.16625554e+00
 2.86642942e+01 -7.72361089e-01 -4.77928658e-01 2.31492729e+00
 2.89007938e+01 -4.14996262e+00 3.61006333e-01 1.86474764e+00
 2.89375620e+01 -1.89432762e+00 -1.46160879e+00 2.25300729e+00
 2.85133915e+01 -8.64611207e-01 -1.73843760e-01 2.36587667e+00
 2.89831230e+01 -1.07126961e+00 -7.16417799e-01 2.15168755e+00
 2.89281513e+01 -9.26427682e-01 9.88518320e-01 1.99497090e+00
 2.86057584e+01 -5.84198359e-01 -8.32945981e-01 2.11647275e+00
 2.88956071e+01 -1.19853130e+00 -3.18923528e-01 2.06917545e+00
 2.87747027e+01 -4.45076122e-01 -4.59857987e-01 2.55567155e+00
 2.87417860e+01 -4.10429662e-01 3.10876329e-01 2.35371107e+00
 2.88542574e+01 -5.47446566e-01 2.06888484e-01 2.78106104e+00
 2.85412283e+01 -4.75867468e-01 1.51265842e-01 1.95423905e+00
 2.88493360e+01 -5.72149561e-01 7.34462637e-01 2.32245921e+00
 2.84903665e+01 -9.89206917e-01 3.61386894e-01 2.18594650e+00
 2.85557336e+01 -1.09096065e+00 4.05237998e-01 2.21461173e+00
 2.86117055e+01 4.64118481e-01 -3.50924241e-02 2.05783200e+00
 2.82929126e+01 -2.67799362e-01 5.28037878e-01 1.94449208e+00
 2.81824053e+01 -8.64981772e-01 -3.53850510e-01 2.02879365e+00
 2.82649167e+01 -1.40935364e+00 4.09652087e-01 1.99029152e+00
 2.84816439e+01 -2.01140652e+00 8.06625013e-01 2.16388986e+00
 2.76490635e+01 -6.84681711e-01 9.44236335e-01 1.72917229e+00
 2.78590404e+01 -1.15302307e+00 -8.32538326e-01 1.59281494e+00
 2.81625889e+01 -1.16355117e+00 9.25214949e-01 2.41661667e+00
 2.83823159e+01 -2.46337504e+00 2.21889555e-01 2.20108634e+00
 2.80755608e+01 -1.00924864e+00 -3.35591224e-01 1.98997530e+00
 2.82250907e+01 -1.46335179e+00 3.31102427e-01 2.56754026e+00
 2.82786427e+01 -1.25769079e+00 7.08020712e-01 2.26599717e+00
 2.83560045e+01 -1.18746889e+00 5.14256884e-01 2.14050278e+00
 2.79432103e+01 -1.66472479e+00 5.48700798e-02 2.57523771e+00
 2.81790276e+01 -1.42333383e+00 1.04074309e+00 2.17258379e+00
 2.78377652e+01 -1.74061192e+00 3.29424508e-01 2.37499142e+00
 2.78699732e+01 -2.52027906e+00 1.59753369e-01 2.78770271e+00
 2.77562973e+01 -2.25081509e+00 -1.68882769e-01 1.90949617e+00
 2.78211284e+01 -7.38592032e-02 8.55096921e-01 1.91089427e+00
 2.77902604e+01 -3.28844936e-01 -4.65313342e-01 1.76684864e+00
 2.79004290e+01 -6.33319582e-01 9.56085037e-01 2.56928757e+00
 2.75736811e+01 8.47043948e-01 1.76622498e+00 2.37381783e+00
 2.83464422e+01 -1.69190202e+00 2.42931219e-01 2.51010886e+00
 2.81304225e+01 -5.50051800e-01 6.57296930e-01 1.94102872e+00
 2.77910038e+01 -8.17804613e-01 1.04464699e-01 2.05134677e+00
 2.77494429e+01 -3.07242647e-01 7.48946920e-01 2.01068071e+00
 2.75168383e+01 -4.83870256e-01 -4.61417002e-01 2.18772698e+00
 2.76888571e+01 1.19267070e-02 -3.79056865e-01 2.18194916e+00
 2.78172182e+01 -1.21006974e+00 6.85601997e-01 1.95273909e+00
 2.73978509e+01 3.50377832e-01 -9.68921723e-01 2.14299073e+00
 2.77459694e+01 -5.13534162e-02 -1.78333929e-01 2.01667747e+00
 2.77200876e+01 -1.62897103e+00 -5.89069101e-02 2.46314934e+00
 2.71499709e+01 2.64956752e-01 4.93325495e-01 2.45669842e+00
 2.74810290e+01 -5.74768102e-01 1.51284450e-01 1.94306084e+00
 2.74267953e+01 -7.26012304e-02 -7.39457062e-01 2.42843084e+00
 2.75210554e+01 -6.82341603e-01 5.92479146e-01 2.24076088e+00
 2.73081898e+01 -1.20112045e+00 -2.54626562e-01 1.74808317e+00
 2.73779724e+01 -1.03229578e+00 8.21597564e-01 2.25856022e+00
 2.72847508e+01 6.69014996e-01 -1.81270542e-02 2.08074578e+00
 2.77233778e+01 -5.44882929e-01 4.77721584e-01 1.98436880e+00
 2.72637888e+01 -6.42142799e-01 1.29456256e+00 2.60682571e+00
 2.74379644e+01 -2.24981544e+00 3.06752237e-01 2.43794527e+00
 2.72925138e+01 -1.98050111e+00 6.08454734e-01 2.09133005e+00
 2.71728121e+01 -2.03402868e+00 -1.83298223e-01 1.96296126e+00
 2.69730006e+01 -7.57633423e-01 5.41128179e-01 2.37349353e+00
 2.70689676e+01 -1.48125433e+00 -3.86907496e-01 2.09611175e+00
 2.71982660e+01 8.37491112e-01 1.00566970e+00 2.38192303e+00
 2.71130073e+01 5.76235929e-01 2.76595443e-01 2.13018276e+00
 2.72705278e+01 4.20032108e-01 5.79180807e-01 2.76915615e+00
 2.69085355e+01 1.34842872e+00 -1.19599127e+00 2.14280208e+00
 2.68364244e+01 -5.87970961e-01 3.24794465e-01 2.26580513e+00
 2.66950588e+01 -4.59148171e-01 4.99347971e-01 2.24684449e+00
 2.67869626e+01 -2.00283665e+00 -9.14127511e-02 2.10142836e+00
 2.69508672e+01 1.15695687e-01 2.40246724e-01 1.30587501e+00
 2.66840384e+01 3.67979930e-01 2.14913598e-01 2.51050083e+00
 2.65533601e+01 -1.56933424e+00 -2.86038799e-01 2.58916230e+00
 2.70527170e+01 3.14513078e-01 3.46561847e-01 2.50139256e+00
 2.65603142e+01 1.56429559e-02 -5.46341595e-03 1.75465576e+00
 2.61705811e+01 -1.54467629e-01 -3.81756098e-01 2.19009922e+00
 2.66412653e+01 -8.14113963e-01 -3.07489444e-01 2.25466413e+00
 2.65812589e+01 -5.36246807e-01 4.66325259e-01 2.00286691e+00
 2.67709402e+01 -1.06457787e+00 7.81203689e-01 2.01625578e+00
 2.62305619e+01 -1.62971468e+00 4.83871624e-02 2.46345087e+00
 2.66693580e+01 3.55893118e-01 3.74326807e-01 2.29800193e+00
 2.63313235e+01 -6.74097907e-01 -1.43240593e-01 2.02242209e+00
 2.69604575e+01 -1.79324675e+00 -6.33316505e-03 2.09732439e+00
 2.65263663e+01 1.47104801e-01 -9.20606657e-01 2.30459607e+00
 2.61250248e+01 -3.10377179e-01 1.14584362e+00 2.35951662e+00
 2.62521840e+01 -1.32258244e+00 4.34730089e-01 1.64183567e+00
 2.65978950e+01 1.00971379e+00 -6.37960726e-02 2.36659556e+00
 2.61736508e+01 -2.66377114e+00 -8.96766778e-02 2.10401282e+00
 2.61929981e+01 -1.83026586e+00 -5.91430720e-01 2.70833472e+00
 2.62063297e+01 -2.50046034e+00 1.13254282e-01 2.27662586e+00
 2.57909371e+01 -2.67461179e+00 5.83815485e-01 2.12788845e+00
 2.61527140e+01 3.34288357e-01 1.02089046e-01 2.17858708e+00
 2.57853125e+01 -1.16409743e+00 -4.94586153e-01 2.02102605e+00
 2.62634053e+01 -4.66410576e-01 -2.88676622e-01 1.79622844e+00
 2.63691870e+01 -3.70214703e-01 -2.88514982e-01 1.82063005e+00
 2.59786161e+01 -5.14040900e-01 -8.20068047e-01 1.82710162e+00
 2.62478841e+01 -6.66898598e-01 -5.18056352e-01 1.62537078e+00
 2.56571028e+01 -1.00056267e+00 2.30039843e-01 2.17456044e+00
 2.58228174e+01 -1.61783640e+00 -1.76368967e-01 2.02128817e+00
 2.57909421e+01 3.64103104e-02 -8.22383953e-02 2.21752843e+00
 2.55483646e+01 -8.43341459e-01 -8.12066102e-01 2.35518116e+00
 2.59370647e+01 -1.24271329e+00 -2.65901801e-01 2.34039621e+00
 2.58402383e+01 -2.52948701e+00 -3.35791382e-01 2.51147978e+00
 2.58118000e+01 -2.14943827e+00 -3.01920406e-01 2.09776431e+00
 2.59653340e+01 -1.45770294e-01 -4.82896756e-01 1.71750427e+00
 2.57742778e+01 -9.35257160e-01 -9.49701951e-01 2.05748843e+00
 2.56999859e+01 2.09706408e-01 5.04274283e-01 2.12282437e+00
 2.54264925e+01 -4.90968102e-01 -3.71563202e-01 2.36230622e+00
 2.60470785e+01 -1.26692669e+00 -1.76528899e-01 1.99584598e+00
 2.53304024e+01 4.49104136e-01 2.27992927e-01 2.24323174e+00
 2.56160051e+01 -4.25834047e-01 -5.50910871e-02 2.63943598e+00
 2.52706819e+01 -1.01965613e+00 -2.62189901e-01 2.24062159e+00
 2.52886778e+01 -3.94184873e-01 -5.18798245e-01 2.15906914e+00
 2.54326059e+01 -1.34576894e+00 3.80045669e-01 2.27401497e+00
 2.55411700e+01 -9.16541035e-01 -4.86413846e-01 2.02007822e+00
 2.53818820e+01 -9.81827156e-01 -5.44676283e-01 2.21015526e+00
 2.54728141e+01 -3.38391075e+00 -6.91916195e-01 2.00093471e+00
 2.55157344e+01 8.77481116e-01 -3.07482671e-01 2.73500998e+00
 2.53100771e+01 -1.27635550e-01 -7.88716484e-02 1.73000829e+00
 2.52035194e+01 2.77822770e-01 -6.25139605e-02 2.04758466e+00
 2.52980445e+01 5.06348568e-02 9.25223742e-02 1.99940645e+00
 2.50360896e+01 -2.59144579e+00 1.78910620e-01 1.96887199e+00
 2.50588547e+01 -1.61729622e+00 -1.04731314e+00 1.94098301e+00
 2.52608468e+01 3.49199801e-01 5.60618729e-01 1.90363949e+00
 2.52494763e+01 -6.23932410e-02 -8.40744268e-01 2.55450915e+00
 2.51514705e+01 -1.45143309e+00 -5.31057627e-02 2.34558395e+00
 2.53615921e+01 2.64800390e-01 -2.22483583e-01 2.46166148e+00
 2.50164759e+01 -9.62447389e-01 -7.82167860e-02 2.08289715e+00
 2.53376503e+01 -1.84425733e+00 -8.87354363e-01 2.42659317e+00
 2.48230314e+01 -2.47958628e+00 -6.50339262e-01 2.20997296e+00
 2.42668054e+01 -1.80288028e+00 -9.49035184e-02 2.62678711e+00
 2.46823124e+01 4.37249935e-01 3.37837531e-01 2.42096231e+00
 2.51280749e+01 -9.41581238e-01 2.41785796e-01 2.37291479e+00
 2.46814138e+01 -8.49755223e-01 2.01762044e-02 2.37341632e+00
 2.46371222e+01 -1.14401505e+00 -6.88373980e-02 1.88165841e+00
 2.47073889e+01 -1.50558239e+00 -4.16728465e-01 1.93023387e+00
 2.44287849e+01 -1.20669056e+00 9.68237910e-02 2.90314458e+00
 2.46114709e+01 -1.58470199e+00 -4.86841821e-01 2.33118946e+00
 2.48315833e+01 5.19683978e-01 -3.23888117e-01 2.06210981e+00
 2.46380649e+01 -3.38199444e-01 -7.31399653e-01 1.85752122e+00
 2.44927577e+01 -1.14481639e+00 -1.45586013e+00 1.83292117e+00
 2.44411188e+01 -1.60597654e+00 -2.70289566e-01 2.37819315e+00
 2.41109506e+01 -4.21745569e-03 6.96045720e-01 1.80700259e+00
 2.45106203e+01 1.21990202e+00 -3.04032428e-01 1.99865130e+00
 2.42742369e+01 -1.07751171e-01 2.10616416e-01 2.36115246e+00
 2.42636498e+01 -1.42275900e+00 8.50594438e-01 1.78203905e+00
 2.42067746e+01 -1.36533257e+00 -9.05526673e-01 2.52587320e+00
 2.44858917e+01 -9.77627874e-01 -3.96008914e-01 2.26582492e+00
 2.45331786e+01 1.52791481e-01 -1.40391038e-01 1.76283774e+00
 2.44377670e+01 4.94466106e-01 3.01025912e-01 2.46093651e+00
 2.42626594e+01 -1.70892366e-01 1.67115535e-01 1.91539134e+00
 2.42138200e+01 -7.53948218e-02 -4.72112562e-01 2.20558735e+00
 2.43085398e+01 -1.58318799e+00 6.23424820e-01 2.09659863e+00
 2.39932454e+01 -1.93008306e+00 -8.38812274e-02 1.95892263e+00
 2.40171639e+01 6.18698480e-02 4.60963002e-01 2.36181059e+00
 2.41061915e+01 -2.09049842e+00 -3.89226585e-01 1.92557553e+00
 2.40682465e+01 6.05505089e-01 4.96965125e-01 1.86530039e+00
 2.37201736e+01 -4.43764116e-01 3.52290027e-01 1.89010839e+00
 2.42026255e+01 -1.64548002e+00 -4.54529464e-01 2.06457919e+00
 2.40966330e+01 -1.11191513e+00 2.65064828e-01 2.39740309e+00
 2.41444227e+01 8.07663213e-01 -3.04042009e-01 2.41913677e+00
 2.40552578e+01 8.03691320e-02 2.30310626e-01 2.12956830e+00
 2.38079525e+01 -2.35785511e-01 2.48123803e-01 2.45886093e+00
 2.36888897e+01 -2.83472127e-01 -7.48568852e-01 2.36045936e+00
 2.37239569e+01 5.26863099e-01 -3.30021476e-01 2.45112712e+00
 2.39275136e+01 -9.67573830e-01 2.93977973e-01 1.92713237e+00
 2.38445221e+01 -9.60387665e-01 -5.47447183e-01 2.32251719e+00
 2.37757214e+01 6.92784220e-01 -1.95681303e-02 1.91634066e+00
 2.41471639e+01 2.25704810e-01 -6.86512733e-01 2.86034694e+00
 2.32616240e+01 -1.11072878e+00 9.76372728e-01 2.34882682e+00
 2.40068213e+01 1.00890023e-01 -2.54948630e-01 1.82421970e+00
 2.39406993e+01 -5.07408651e-01 5.75267639e-01 2.14234007e+00
 2.36196317e+01 -2.19205820e+00 -8.98592896e-01 2.22014251e+00
 2.36342894e+01 -1.66875597e+00 2.76846627e-01 2.17687941e+00
 2.32058401e+01 -1.74356688e+00 -9.45192502e-01 2.00521405e+00
 2.36501190e+01 -1.72458054e+00 -6.96922149e-03 2.40541288e+00
 2.37847867e+01 -6.07462919e-01 8.67954168e-01 2.15614738e+00
 2.33712650e+01 2.40252542e-01 2.82391694e-01 2.00155276e+00
 2.37204236e+01 -1.31917249e+00 1.05109252e+00 2.17706898e+00
 2.36530074e+01 -3.86528107e-01 -3.62959768e-01 2.32602220e+00
 2.34224122e+01 -9.60598339e-01 -4.24840910e-01 2.20600645e+00
 2.36611806e+01 -6.84827780e-01 1.63233118e-01 2.47149701e+00
 2.32942264e+01 -1.24156369e+00 -5.04834840e-01 1.37601736e+00
 2.32636502e+01 -1.76897070e+00 2.53777558e-01 2.05156225e+00
 2.30823473e+01 -2.13002357e+00 -1.28987792e-01 2.29138997e+00
 2.34791275e+01 -2.18132779e-01 -3.80055504e-01 1.97744795e+00
 2.34353844e+01 -1.10462779e+00 4.61088109e-01 2.52841256e+00
 2.32219603e+01 -1.59467252e+00 2.25738395e-01 1.97129030e+00
 2.32108039e+01 -5.55977438e-01 6.81027386e-01 1.63347127e+00
 2.29416226e+01 -1.62053076e+00 1.11673817e-01 2.37766102e+00
 2.31824792e+01 -5.23733288e-01 3.45257949e-01 1.83455321e+00
 2.32907616e+01 -1.37227106e+00 2.59327750e-01 2.18686544e+00
 2.30508993e+01 9.66849750e-01 1.60936385e-01 2.29276692e+00
 2.30999829e+01 1.93874432e-01 3.24232657e-01 2.14105841e+00
 2.29430798e+01 -1.13511120e+00 5.23347914e-01 1.76625018e+00
 2.31329424e+01 -1.53439484e+00 1.87836015e-01 1.69884587e+00
 2.26948525e+01 -1.43530424e+00 -4.29564892e-01 2.53729410e+00
 2.28708051e+01 -6.51354889e-01 -1.89630935e-01 2.22374023e+00
 2.29109492e+01 -5.99066879e-01 7.85581790e-02 2.36606168e+00
 2.24165778e+01 -2.15643004e+00 -1.70748950e+00 1.99164321e+00
 2.30805534e+01 -5.53455934e-01 -4.94326023e-01 2.34175820e+00
 2.28087912e+01 1.02211480e+00 5.67323633e-01 2.07063515e+00
 2.30191242e+01 4.72825682e-01 -5.56193801e-01 2.20661101e+00
 2.27117964e+01 -2.78442269e+00 -1.80151106e-01 1.73114322e+00
 2.27582086e+01 3.41127337e-02 3.46199015e-01 2.41158240e+00
 2.26524842e+01 -2.44478371e+00 8.36038424e-01 1.81931779e+00
 2.25043047e+01 -8.58151423e-01 -2.63336732e-01 1.95143996e+00
 2.29280602e+01 -2.14355208e-01 2.79934589e-02 2.08301493e+00
 2.24146768e+01 -8.46612307e-01 3.36862040e-01 2.36993721e+00
 2.24452251e+01 -1.31289013e-01 6.22328991e-01 2.01959692e+00
 2.22595130e+01 -1.81782112e+00 -1.39754654e-01 2.37133836e+00
 2.25826270e+01 -1.05159799e+00 -1.21502552e-01 2.08406768e+00
 2.22313106e+01 4.77468453e-01 -4.09791480e-01 2.04118577e+00
 2.25133011e+01 -6.85085088e-01 7.77509867e-01 2.17787101e+00
 2.23455816e+01 -8.59868294e-01 8.64947448e-01 1.98135989e+00
 2.24252749e+01 -2.07029595e+00 4.16814354e-01 2.26755874e+00
 2.22732995e+01 -1.55785842e+00 4.64000137e-01 2.24660222e+00
 2.21901155e+01 -2.97721468e+00 7.08331892e-01 1.70256906e+00
 2.25888126e+01 -1.84420039e-01 3.05379218e-02 2.14779206e+00
 2.20047882e+01 -1.42979463e+00 -6.57630720e-02 2.09455995e+00
 2.20107395e+01 5.51747258e-01 2.14049379e-01 2.52898454e+00
 2.21653812e+01 -1.78823930e+00 -6.54093564e-01 2.39638320e+00
 2.20149016e+01 -1.89095140e+00 -4.63442396e-01 2.21056447e+00
 2.19541524e+01 -1.06302698e+00 -4.32586579e-01 2.32772369e+00
 2.22135838e+01 -9.13814169e-01 -1.27626731e-01 2.12561779e+00
 2.18245567e+01 1.61203473e+00 1.41599561e-01 2.08255941e+00
 2.18972373e+01 5.97641753e-02 8.76737311e-01 2.58629630e+00
 2.16172941e+01 -1.33871778e+00 -7.85532095e-01 2.41420865e+00
 2.17802571e+01 -8.06505312e-01 2.55404762e-01 1.96433943e+00
 2.20690011e+01 -1.22050482e+00 -5.26456011e-01 2.31677051e+00
 2.16327061e+01 5.80636687e-01 -7.20241206e-01 2.49190457e+00
 2.12214753e+01 -7.27748914e-01 9.75685769e-02 2.11327904e+00
 2.17892441e+01 -2.32545572e+00 -3.40975454e-01 2.32710089e+00
 2.17226422e+01 -1.42173654e+00 -3.18600732e-01 1.92852353e+00
 2.17156348e+01 -2.59803321e+00 -8.82980607e-01 2.13051460e+00
 2.15687577e+01 -1.06337589e+00 -1.31740746e+00 2.32590197e+00
 2.16343139e+01 -7.76233222e-01 7.41209517e-01 1.82056178e+00
 2.15161317e+01 -2.51148843e-01 -9.88160031e-01 2.16055055e+00
 2.17308669e+01 -1.59876145e-01 -4.02590100e-01 2.16844252e+00
 2.14279591e+01 -2.20665487e+00 -3.49815697e-01 2.51307508e+00
 2.16039903e+01 -3.73225703e-02 -3.68440449e-01 2.15254786e+00
 2.11919345e+01 -2.59176797e+00 -7.29182058e-01 1.89593928e+00
 2.12166379e+01 -1.77163158e+00 1.45065338e-01 2.46973429e+00
 2.11772530e+01 -1.77477936e-01 -8.96538046e-01 2.36360404e+00
 2.11621162e+01 -6.71802027e-02 -1.00351192e-01 2.05703399e+00
 2.13948864e+01 -3.84358982e+00 -5.22897857e-01 2.79506089e+00
 2.10358167e+01 -2.98053775e-01 -2.06595662e-01 2.26039619e+00
 2.11226862e+01 -1.44763699e+00 -2.19867934e-01 2.03221075e+00
 2.11078029e+01 -2.24985995e+00 -9.09693398e-01 2.06403761e+00
 2.07355339e+01 -1.13822719e+00 -8.46586293e-01 2.09976911e+00
 2.08733829e+01 -6.85325930e-01 -2.94159182e-01 2.15938302e+00
 2.10348257e+01 -2.54323046e+00 -6.32211689e-01 1.95591422e+00
 2.04451319e+01 -1.51296029e+00 -1.25707043e-01 2.69060606e+00
 2.07354890e+01 -1.11530774e+00 -1.09655067e-01 2.30257095e+00
 2.05927713e+01 -1.75618048e+00 4.13614653e-01 2.14775152e+00
 2.04059138e+01 -1.01367772e+00 -1.23400819e+00 2.25041004e+00
 2.06061212e+01 -7.01912034e-01 -7.15688381e-01 2.52351065e+00
 2.06248471e+01 -1.63229279e+00 -6.78369494e-02 1.78289040e+00
 2.06846325e+01 5.92954101e-01 -8.90132104e-01 2.14985126e+00
 2.05446714e+01 -4.57891148e-01 -9.07339876e-02 2.53362393e+00
 2.05992712e+01 -4.30734379e-01 -3.46444991e-01 2.19382311e+00
 2.04485778e+01 -3.03755373e-01 -7.39540905e-01 2.37191553e+00
 2.05045769e+01 -7.14488653e-02 -3.27063188e-01 2.29796806e+00
 2.02527076e+01 -2.18545925e-01 2.10433224e-02 2.14334890e+00
 2.06045269e+01 -1.28444670e+00 1.42289768e-01 2.46047424e+00
 2.00292981e+01 -1.66433870e+00 8.27404715e-02 2.56453144e+00
 2.04356981e+01 -1.57261435e+00 -6.29298371e-01 1.91681143e+00
 2.03628205e+01 -5.71034097e-01 5.41079778e-01 2.41685926e+00
 2.01405122e+01 -2.18886948e+00 5.72698138e-01 2.01537164e+00
 2.02348627e+01 -6.71053186e-01 1.60385142e-01 2.16561990e+00
 2.00789894e+01 -1.04324787e+00 -5.54175284e-01 2.00692549e+00
 2.02794361e+01 -1.81128342e+00 -3.00557674e-01 2.24827119e+00
 2.03384501e+01 -1.96959486e+00 2.02537830e-01 2.42435984e+00
 2.01832849e+01 -1.03760557e+00 -1.63370794e-01 2.21217300e+00
 2.02896226e+01 -1.52072553e+00 -1.38398563e+00 2.41073283e+00
 1.98734999e+01 -2.60986499e+00 -8.56953859e-01 2.33538686e+00
 1.97962880e+01 -1.59652613e+00 -6.65926684e-02 1.87433855e+00
 1.96739542e+01 -9.58019557e-01 -8.50731347e-01 1.58477023e+00
 1.96140136e+01 -1.93850889e+00 3.42015479e-02 2.11306399e+00
 1.97829886e+01 -1.39391716e+00 -1.63659438e-01 1.87485303e+00
 1.96601991e+01 -1.33556226e+00 -1.21386798e+00 2.44289532e+00
 1.97118806e+01 -1.73373215e+00 -9.85882385e-01 2.49650109e+00
 1.97371388e+01 3.12494144e-01 5.68686374e-02 2.47853281e+00
 1.94727680e+01 -6.40166448e-01 -5.33844047e-01 2.30254953e+00
 1.96832869e+01 -1.31750038e+00 -8.01395972e-01 2.66364382e+00
 1.94700382e+01 -1.02935832e+00 1.61838890e-01 2.41822341e+00
 1.96829599e+01 -3.36103254e+00 -5.37035172e-01 2.56578653e+00
 1.94183229e+01 -9.26024995e-02 -5.03716105e-01 2.29543584e+00
 1.93255585e+01 -5.42995824e-01 9.16785409e-02 2.56466317e+00
 1.90438808e+01 -2.03603421e-02 -6.28743398e-01 2.30590605e+00
 1.91751378e+01 -4.51686828e-01 -1.46100238e+00 1.86546121e+00
 1.94170125e+01 9.60363373e-01 2.65918585e-02 2.07746062e+00
 1.91477325e+01 1.51496507e-01 4.44999373e-01 1.96193701e+00
 1.93015591e+01 -9.55828803e-01 -8.26222090e-03 2.24469197e+00
 1.92353554e+01 -8.66310173e-01 -1.00051123e+00 2.29549837e+00
 1.96715893e+01 9.22077959e-01 -4.77031860e-01 1.84468604e+00
 1.92693633e+01 1.63806839e+00 -1.11527795e+00 2.27724116e+00
 1.95330305e+01 -1.28533202e+00 -5.93534287e-01 2.32487251e+00
 1.90625222e+01 -8.28822939e-02 3.26790107e-01 2.34398962e+00
 1.90823464e+01 1.21602761e+00 1.19831338e-01 2.16321240e+00
 1.89344270e+01 -5.46335215e-01 -1.60778928e+00 2.35574962e+00
 1.90885934e+01 -5.44885200e-01 -1.69705486e-01 1.87384653e+00
 1.92782446e+01 1.25800204e+00 -3.62094462e-01 1.93579925e+00
 1.91080198e+01 -2.67799810e+00 1.99120531e-01 2.36527084e+00
 1.88480780e+01 1.09195647e+00 -1.27885491e+00 2.47358671e+00
 1.90750938e+01 4.01024360e-01 -8.96869550e-01 2.05853470e+00
 1.87256909e+01 -7.70654839e-01 -1.27504149e+00 2.35879441e+00
 1.90319605e+01 -4.57445530e-01 -5.73168979e-01 2.05727128e+00
 1.92536463e+01 -2.64054161e+00 -5.49399397e-01 2.55866962e+00
 1.88820172e+01 -1.42417071e-01 -5.01750566e-01 2.01744988e+00
 1.88274167e+01 -5.21554738e-01 -4.80572471e-02 2.00959828e+00
 1.89603287e+01 -3.22476923e-01 8.68815193e-03 2.04255548e+00
 1.88999116e+01 -1.05435494e+00 -1.85276942e-01 2.07615056e+00
 1.90411879e+01 -1.73904813e+00 -7.19862967e-01 1.99852013e+00
 1.90857419e+01 2.28037722e+00 -3.63273233e-01 2.11064954e+00
 1.89856526e+01 -1.54500084e+00 -6.57992382e-02 2.45391406e+00
 1.91265064e+01 -4.50113036e-01 -8.09680145e-02 2.29937441e+00
 1.86808840e+01 1.54847656e+00 5.00042171e-01 2.06798767e+00
 1.88549444e+01 -4.47135496e-01 -1.11788592e+00 2.49402869e+00
 1.86718896e+01 2.33412315e-01 -1.09203067e+00 2.11955624e+00
 1.86857367e+01 -3.20107705e-01 -4.28107828e-01 2.05161622e+00
 1.86383530e+01 -3.44266628e-01 -1.00473650e+00 2.32600835e+00
 1.86360494e+01 -1.13733029e+00 4.77582464e-01 2.05139914e+00
 1.86272928e+01 -5.41127031e-01 -1.63322005e+00 2.28097775e+00
 1.84253779e+01 2.30205215e-01 -6.65527208e-01 2.62053345e+00
 1.86140684e+01 1.91334567e-01 -9.75196218e-01 2.24337634e+00
 1.83558326e+01 -2.04688738e+00 -1.20845307e+00 2.39157149e+00
 1.82467884e+01 3.63014249e-01 -2.59615784e-01 2.14450199e+00
 1.81273622e+01 1.99184499e-01 -6.59240350e-01 2.35381788e+00
 1.85844101e+01 -1.03035785e+00 -4.25911840e-01 2.14283229e+00
 1.83426360e+01 -6.93335421e-01 -1.21412782e+00 1.89553678e+00
 1.86957673e+01 -4.93697329e-02 -7.56881126e-01 1.66897756e+00
 1.86112896e+01 1.27921161e+00 -1.39829319e+00 2.40545951e+00
 1.85906094e+01 -2.06775573e-01 -9.22303016e-01 1.93144283e+00
 1.81212607e+01 -4.59240119e-01 -9.54083710e-01 1.97020667e+00
 1.87141938e+01 3.46730174e-01 -1.49879183e+00 2.38038608e+00
 1.85738246e+01 -1.65803529e+00 -8.42658047e-01 2.36438825e+00
 1.87530514e+01 -1.22494805e+00 -3.06080246e-01 2.13773377e+00
 1.83202599e+01 2.35432151e-01 -1.66642858e+00 2.24361007e+00
 1.86258411e+01 2.98185313e+00 -5.43673598e-01 2.00671317e+00
 1.82599404e+01 2.50406156e-01 -1.57392391e+00 2.22192829e+00
 1.84024046e+01 -1.45496495e+00 -1.38017728e+00 2.15493127e+00
 1.88019260e+01 -3.74135671e-01 -1.23175420e+00 2.03994688e+00
 1.88746266e+01 1.06384288e+00 -1.39105357e+00 1.91980774e+00
 1.83783828e+01 5.23508432e-02 -1.13545218e+00 2.29227354e+00
 1.86710434e+01 -5.28056103e-01 -6.95728700e-01 2.56567110e+00
 1.81319957e+01 -1.39848115e-01 -2.34074031e+00 2.47211801e+00
 1.83938125e+01 9.12892991e-01 -1.60282605e+00 2.42390036e+00
 1.80787731e+01 9.01018886e-01 -1.54899757e+00 2.25253907e+00
 1.83620037e+01 -6.52134919e-01 -1.31151388e+00 2.14621749e+00
 1.86401516e+01 -5.36440417e-02 -1.57702796e+00 1.88152619e+00
 1.85284215e+01 -4.72967895e-01 -2.39355337e+00 2.70211117e+00
 1.82824252e+01 -5.63452681e-01 -1.90256242e+00 2.55879165e+00
 1.83796429e+01 3.41242332e-01 -1.28585126e+00 2.64187506e+00
 1.85447962e+01 2.02188784e-01 -2.25235916e+00 2.35181336e+00
 1.85169247e+01 2.57816322e-01 -1.32915076e+00 1.70598915e+00
 1.84121948e+01 -6.62619352e-01 -1.45312166e+00 2.31545534e+00
 1.81551958e+01 -1.06312493e+00 -1.33149644e+00 2.47475275e+00
 1.85601415e+01 1.82509609e-01 -1.13636483e+00 1.98125933e+00
 1.84553287e+01 3.91101854e-01 -2.37979985e+00 2.03392113e+00
 1.83708698e+01 9.48657694e-01 -2.09411780e+00 2.04921144e+00
 1.83207539e+01 -1.61203589e+00 -1.55026810e+00 2.20365817e+00
 1.82324456e+01 -1.04392558e+00 -1.95181560e+00 2.24367322e+00
 1.84318427e+01 8.36952041e-02 -1.28291659e+00 1.93395426e+00
 1.81186520e+01 -1.00340481e+00 -1.38331913e+00 2.24306072e+00
 1.83832518e+01 -3.39404271e-01 -1.87732194e+00 1.85753112e+00
 1.82677985e+01 1.03687883e+00 -2.94514267e+00 2.03184854e+00
 1.87131781e+01 7.83934975e-01 -1.59925997e+00 1.94319567e+00
 1.83918432e+01 -7.37111630e-01 -2.23378535e+00 1.79017617e+00
 1.83959391e+01 -2.85491379e-01 -2.15760658e+00 2.33464222e+00
 1.81791752e+01 2.03921944e+00 -2.72000556e+00 1.87443005e+00
 1.84175209e+01 -1.20974439e+00 -1.71538601e+00 2.10669301e+00
 1.83088114e+01 9.80743016e-01 -2.72287955e+00 2.16747454e+00
 1.82778808e+01 3.64704035e-01 -2.44493988e+00 2.52239062e+00
 1.84946967e+01 -1.72635481e-01 -2.55942035e+00 2.42448441e+00
 1.84604608e+01 -5.00607932e-01 -3.11098731e+00 2.11303563e+00
 1.83869596e+01 1.31572630e+00 -2.19782515e+00 2.26559423e+00
 1.84458247e+01 -1.18234129e+00 -2.08557692e+00 2.32834781e+00
 1.88550243e+01 1.42490889e+00 -1.69550184e+00 2.16970441e+00
 1.88187627e+01 -1.18365189e+00 -2.98885684e+00 2.32582697e+00
 1.85228709e+01 7.32597595e-01 -2.48557641e+00 2.35743327e+00
 1.83855640e+01 5.46075881e-02 -2.90350974e+00 2.63294364e+00
 1.85725718e+01 8.60590671e-01 -2.38659751e+00 2.33112521e+00
 1.85176376e+01 -1.23546290e+00 -2.43253880e+00 2.00525833e+00
 1.87837601e+01 -2.08551166e+00 -2.20093470e+00 2.29379789e+00
 1.85359257e+01 7.03779517e-01 -2.69662536e+00 1.92925334e+00
 1.85329120e+01 2.01465739e+00 -2.56506413e+00 1.94125530e+00
 1.84734693e+01 1.43138764e-01 -2.56528531e+00 2.23708302e+00
 1.89265852e+01 1.56538797e+00 -3.22390652e+00 1.98298519e+00
 1.84069641e+01 5.31109910e-01 -2.88664960e+00 2.04325247e+00
 1.83568377e+01 -7.59257216e-01 -2.87896132e+00 2.61698480e+00
 1.88941665e+01 1.02871932e+00 -3.95284946e+00 2.42306056e+00
 1.89272133e+01 1.08894639e+00 -3.47222510e+00 2.21393434e+00
 1.87845056e+01 7.10700875e-01 -2.83891970e+00 2.28203412e+00
 1.85151736e+01 -5.69719826e-01 -3.75221449e+00 2.20384537e+00
 1.85657618e+01 1.19694564e+00 -2.96446720e+00 2.37771581e+00
 1.85935639e+01 1.69642008e+00 -4.00929204e+00 2.34475914e+00
 1.87462902e+01 -5.01993462e-01 -2.81149656e+00 1.96410811e+00
 1.85554931e+01 -1.78761796e+00 -2.67151527e+00 2.33231294e+00
 1.84270574e+01 -4.74990815e-01 -3.40221284e+00 2.36642053e+00
 1.88287871e+01 4.24392274e-02 -3.56141664e+00 1.78724598e+00
 1.86009566e+01 8.04285674e-01 -3.17922070e+00 2.19772870e+00
 1.85732833e+01 6.01394814e-01 -3.15695516e+00 2.05667529e+00
 1.87999584e+01 -1.15866797e-01 -3.61983756e+00 1.93229101e+00
 1.88923649e+01 3.96887545e-01 -3.22649157e+00 2.57004009e+00
 1.88743176e+01 -1.82657876e+00 -3.57363548e+00 2.40255691e+00
 1.89893598e+01 1.05070616e+00 -3.05347981e+00 2.13576921e+00
 1.88371092e+01 -1.26052967e+00 -3.61370530e+00 2.21561580e+00
 1.91779239e+01 -3.98845955e-01 -3.25433498e+00 2.35477165e+00
 1.87366701e+01 -2.43623691e+00 -3.13152640e+00 2.36894028e+00
 1.90361000e+01 6.38576192e-01 -3.11960456e+00 2.56389863e+00
 1.86011852e+01 1.23003569e+00 -3.91958130e+00 1.84491152e+00
 1.88064191e+01 8.74999188e-01 -3.77069520e+00 2.02416792e+00
 1.84328384e+01 -1.95267900e-01 -4.15403346e+00 1.53534018e+00
 1.86299546e+01 3.84385794e-01 -3.76555896e+00 2.09198323e+00
 1.91580425e+01 5.88994678e-01 -3.45256529e+00 1.84341607e+00
 1.91777533e+01 5.42422235e-01 -3.31929014e+00 1.74841614e+00
 1.91724279e+01 1.74029544e+00 -4.60965349e+00 1.94999401e+00
 1.89465144e+01 3.57172807e-01 -3.79937324e+00 2.31977446e+00
 1.88936805e+01 1.77121772e+00 -4.21435925e+00 2.33610368e+00
 1.87034625e+01 -9.82331648e-01 -2.97975660e+00 2.20582893e+00
 1.90980290e+01 -6.72040542e-01 -3.93294942e+00 2.41731233e+00
 1.89679268e+01 -3.04291337e-01 -4.36180968e+00 2.15651087e+00
 1.91384975e+01 2.26707382e+00 -4.50822752e+00 2.45977533e+00
 1.94840510e+01 6.73437631e-01 -3.69188185e+00 2.38428701e+00
 1.89759054e+01 1.82343593e-01 -3.49213626e+00 2.27727935e+00
 1.89143949e+01 -1.52358072e-01 -3.57038862e+00 2.01524473e+00
 1.94483129e+01 1.26041133e+00 -3.42106919e+00 2.10545004e+00
 1.90567297e+01 6.36149987e-01 -4.07681948e+00 2.33758820e+00
 1.91614015e+01 -4.40937445e-01 -3.75646833e+00 2.13763374e+00
 1.91502642e+01 1.07971299e+00 -4.36588113e+00 2.16090477e+00
 1.90105961e+01 1.67627486e+00 -3.48961223e+00 2.49116643e+00
 1.91845670e+01 1.26273282e+00 -5.31135962e+00 1.90922621e+00
 1.93586313e+01 -2.11940599e-02 -4.07430154e+00 1.91054818e+00
 1.95631128e+01 1.25024645e+00 -5.06382688e+00 2.04347429e+00
 1.93104341e+01 6.25067471e-01 -4.65007537e+00 2.18936072e+00
 1.95374401e+01 8.33922094e-01 -4.12253613e+00 2.04935223e+00
 1.92832857e+01 1.90853345e-01 -4.34330709e+00 2.36085931e+00
 1.95605733e+01 4.58631043e-01 -3.81491181e+00 2.21782280e+00
 1.94486967e+01 1.09989024e+00 -3.92216069e+00 2.61610306e+00
 1.93123953e+01 -1.71892712e-01 -3.58157497e+00 1.98238330e+00
 1.91179271e+01 -1.40655746e+00 -3.49162344e+00 2.12542385e+00
 1.92569417e+01 1.73661996e+00 -4.53232067e+00 2.43484706e+00
 1.99204368e+01 2.68763242e+00 -4.55410091e+00 2.28841225e+00
 1.90489972e+01 9.39845463e-01 -4.95870647e+00 2.05750973e+00
 1.97778195e+01 -1.27418159e-01 -3.75632362e+00 1.98901879e+00
 1.98326885e+01 3.02697729e-01 -4.50415382e+00 2.18676068e+00
 1.98597080e+01 -1.56990152e-01 -3.79640784e+00 2.63364187e+00
 1.96971875e+01 1.52287774e+00 -3.72120538e+00 1.86326383e+00
 1.96106449e+01 7.78319500e-01 -4.22138111e+00 2.35338136e+00
 2.01483196e+01 3.36500251e-01 -4.60870515e+00 2.22465555e+00
 1.95672736e+01 8.80953086e-01 -4.78145507e+00 1.81766303e+00
 1.95123486e+01 1.37019988e+00 -3.84893861e+00 2.01066765e+00
 2.00981852e+01 1.00345479e+00 -4.83166647e+00 1.91364995e+00
 1.93969037e+01 -1.22351889e+00 -4.77858331e+00 2.01243655e+00
 1.96769111e+01 2.03055761e+00 -4.02341063e+00 2.03858864e+00
 2.00249858e+01 1.76360733e+00 -5.17703198e+00 2.10546290e+00
 2.01752460e+01 -6.70008159e-01 -5.35675521e+00 1.88728766e+00
 1.99750501e+01 1.36707853e+00 -4.66446470e+00 2.00996519e+00
 2.01364515e+01 1.27518751e+00 -5.04075185e+00 2.07881358e+00
 2.01721276e+01 2.92846910e-01 -4.59588583e+00 1.75834118e+00
 2.02215810e+01 8.84271096e-01 -4.43995733e+00 1.96928905e+00
 2.02943201e+01 9.10550420e-01 -4.14091626e+00 2.18984175e+00
 2.02286965e+01 1.86290667e-02 -3.45716077e+00 2.32717965e+00
 2.01185810e+01 2.50444390e+00 -4.30513575e+00 2.15682464e+00
 2.02046210e+01 -9.42171422e-02 -4.50317272e+00 2.36643094e+00
 2.02605526e+01 1.34749437e+00 -5.28889668e+00 2.01890593e+00
 2.01396356e+01 7.33022375e-01 -5.01314846e+00 2.43616127e+00
 1.99818203e+01 1.53072093e+00 -3.79285716e+00 2.15415585e+00
 2.06927406e+01 3.55952522e-01 -4.85843344e+00 2.09703340e+00
 2.02998729e+01 2.19805642e+00 -5.17088885e+00 1.85651712e+00
 2.06172532e+01 -1.40366396e-01 -4.33114809e+00 2.56032777e+00
 2.03851229e+01 1.95697212e+00 -4.41287429e+00 2.01380990e+00
 2.08370005e+01 3.53403209e-01 -3.32488323e+00 2.26261739e+00
 2.08738437e+01 3.05751972e-01 -4.51315012e+00 1.91333226e+00
 2.04013261e+01 2.64481157e-01 -4.23059951e+00 2.24305309e+00
 2.05065266e+01 1.05129628e+00 -4.87492329e+00 2.22181026e+00
 2.07952811e+01 2.90306084e-01 -5.09832183e+00 2.55229729e+00
 2.04916067e+01 2.06176270e+00 -4.57839861e+00 2.38605128e+00
 2.08246496e+01 -1.07203075e+00 -4.78651006e+00 1.95268778e+00
 2.06146091e+01 4.33972024e-01 -4.59148181e+00 1.76675932e+00
 2.05098265e+01 1.82754592e-01 -3.98048277e+00 1.87307464e+00
 2.02491979e+01 2.16931149e+00 -4.79862861e+00 2.16874232e+00
 2.05549812e+01 -1.50457556e+00 -5.21041943e+00 2.00370411e+00
 2.05828121e+01 -1.10111339e+00 -4.68519916e+00 2.00260633e+00
 2.08346165e+01 1.72362528e+00 -4.48431821e+00 2.44151623e+00
 2.07171981e+01 1.36629867e+00 -5.44163632e+00 2.45435358e+00
 2.10162000e+01 2.87659519e+00 -4.78817956e+00 2.19787146e+00
 2.09810474e+01 3.00063825e+00 -5.16210134e+00 2.04096042e+00
 2.04065008e+01 1.06694057e+00 -5.19661943e+00 2.19864296e+00
 2.06711743e+01 1.85443482e+00 -5.20887799e+00 1.91475816e+00
 2.07268756e+01 -3.53206553e-01 -5.99627749e+00 2.46357099e+00
 2.05377083e+01 -1.28031202e+00 -6.19236905e+00 2.30458852e+00
 2.08833501e+01 -9.95038088e-02 -5.24064050e+00 2.25208272e+00
 2.06951026e+01 4.50044014e-02 -4.75367780e+00 2.24307204e+00
 2.08195977e+01 1.15156436e+00 -5.18317860e+00 2.45392331e+00
 2.07674278e+01 -4.42387781e-01 -5.10074120e+00 2.04813067e+00
 2.10265235e+01 5.45799314e-02 -4.90122398e+00 2.12615136e+00
 2.10207133e+01 -2.34573021e-01 -5.80006188e+00 1.80052939e+00
 2.11731598e+01 -5.86874606e-01 -5.23118891e+00 2.15493023e+00
 2.10907768e+01 1.02270427e+00 -5.42576780e+00 2.35015596e+00
 2.08236546e+01 2.80476029e-01 -4.98249610e+00 2.12437058e+00
 2.09861630e+01 -7.90998315e-01 -6.50870443e+00 2.45591758e+00
 2.09243332e+01 -2.42021885e-01 -6.09285697e+00 2.22621348e+00
 2.12380650e+01 1.29279135e+00 -6.06020496e+00 2.21610238e+00
 2.08494683e+01 -5.68176014e-01 -6.20053435e+00 2.17708341e+00
 2.09988806e+01 3.46579988e-01 -5.39151809e+00 2.24189622e+00
 2.07863343e+01 1.69897755e+00 -5.58737606e+00 2.48504067e+00
 2.10615311e+01 1.25665478e+00 -6.34880339e+00 1.83217213e+00
 2.12558574e+01 -1.02586306e+00 -4.89155114e+00 2.17432246e+00
 2.11580801e+01 -2.13021686e-01 -5.27328445e+00 1.34174199e+00
 2.12373827e+01 1.01001504e+00 -6.27745501e+00 2.33629083e+00
 2.10304492e+01 1.30715131e+00 -5.76999921e+00 2.09170653e+00
 2.09946588e+01 3.56448568e-01 -5.70628186e+00 2.28766725e+00
 2.10608465e+01 -8.06094402e-01 -7.46897156e+00 2.13468574e+00
 2.15791692e+01 1.97854405e+00 -5.43873583e+00 2.16010861e+00
 2.15337904e+01 4.67414147e-01 -5.42869059e+00 2.31755014e+00
 2.14867449e+01 5.28732320e-03 -5.61761748e+00 1.68311040e+00
 2.10026109e+01 1.15885543e+00 -5.79563158e+00 2.02022344e+00
 2.15092099e+01 6.47584326e-01 -6.05266304e+00 2.35867479e+00
 2.14905790e+01 2.03057057e+00 -5.58684930e+00 2.31752299e+00
 2.14804633e+01 -4.38437514e-01 -6.39227344e+00 2.07543804e+00
 2.15078505e+01 -3.46481045e-01 -5.68216110e+00 2.16326671e+00
 2.14452270e+01 2.73054638e-01 -6.00701924e+00 1.91481505e+00
 2.09120241e+01 -5.57219117e-01 -5.86410114e+00 2.26143756e+00
 2.14393729e+01 2.38667880e-01 -5.76809709e+00 2.43243801e+00
 2.12191558e+01 3.95909865e-01 -6.03892145e+00 1.99557746e+00
 2.16851114e+01 7.65960743e-02 -6.18233527e+00 1.99084151e+00
 2.11386600e+01 -1.46862523e+00 -5.96502680e+00 1.83347948e+00
 2.13124703e+01 1.09816717e+00 -5.89310009e+00 1.96239125e+00
 2.15278890e+01 1.52084622e+00 -5.11820035e+00 2.09741571e+00
 2.13839805e+01 1.33305435e+00 -5.58675239e+00 1.92863441e+00
 2.15373949e+01 -2.96983852e+00 -5.80368135e+00 2.05428255e+00
 2.11116427e+01 1.57883921e+00 -6.30432853e+00 2.38867323e+00
 2.13303076e+01 4.38614093e-01 -5.60461973e+00 2.40600279e+00
 2.11521292e+01 -3.95176206e-01 -6.90297290e+00 2.43857654e+00
 2.16886763e+01 -7.14527010e-01 -5.59761530e+00 2.30766013e+00
 2.15135406e+01 6.40795370e-01 -6.68695041e+00 2.23886953e+00
 2.13703266e+01 -3.10951159e-01 -4.94767754e+00 2.19681014e+00
 2.16428057e+01 7.49914959e-01 -5.98831155e+00 1.84037497e+00
 2.17666202e+01 -1.05533372e+00 -6.38365770e+00 1.80121352e+00
 2.15228256e+01 8.71015026e-01 -5.10852866e+00 2.00419189e+00
 2.15829037e+01 3.40127059e-01 -6.26498019e+00 1.98776158e+00
 2.18251188e+01 5.83020898e-01 -5.45476154e+00 2.57158653e+00
 2.20818328e+01 2.15819244e-01 -5.33969529e+00 2.00883704e+00
 2.15755897e+01 1.47175911e+00 -5.73175894e+00 2.03837346e+00
 2.14677686e+01 -5.16149686e-02 -6.01342908e+00 2.22040791e+00
 2.13074923e+01 8.72507457e-02 -5.87092592e+00 2.19009191e+00
 2.18147399e+01 1.25296654e+00 -6.32115694e+00 2.26190615e+00
 2.16887978e+01 6.81773541e-01 -5.76605931e+00 2.08784492e+00
 2.17789233e+01 2.73069072e-01 -5.89890343e+00 2.25274037e+00
 2.14889096e+01 1.04250273e+00 -6.30629574e+00 2.62577844e+00
 2.19235179e+01 1.11567275e+00 -5.82694291e+00 2.14606414e+00
 2.18605093e+01 7.00122064e-01 -5.16263096e+00 2.42890829e+00
 2.13552114e+01 2.02074771e+00 -6.59672844e+00 1.78207345e+00
 2.15554597e+01 -1.05944312e-01 -6.44412031e+00 2.47885647e+00
 2.16004967e+01 -4.76895715e-01 -5.94451025e+00 2.26675258e+00
 2.19498898e+01 6.72996339e-01 -5.99646844e+00 2.07505567e+00
 2.15850176e+01 -2.05697631e-01 -6.17577785e+00 2.09789500e+00
 2.22432285e+01 4.35885805e-01 -5.97993063e+00 2.41768069e+00
 2.17595774e+01 1.80152747e+00 -5.75649155e+00 2.53386222e+00
 2.18130200e+01 -1.01860012e+00 -6.41094098e+00 2.33133325e+00
 2.20469004e+01 -8.14060544e-02 -6.58707546e+00 1.95929066e+00
 2.20230404e+01 1.77993107e+00 -5.80586833e+00 1.99703266e+00
 2.17573370e+01 -6.26421545e-01 -6.73429859e+00 1.98503250e+00
 2.19991418e+01 4.63931670e-01 -6.45388877e+00 2.42158872e+00
 2.17526281e+01 1.74659951e+00 -6.26415058e+00 2.60671144e+00
 2.21872975e+01 -1.06573662e+00 -6.31962030e+00 1.82714104e+00
 2.18461833e+01 4.68514789e-01 -5.72808972e+00 1.92341306e+00
 2.16938452e+01 3.65406942e-01 -6.80704459e+00 2.05539272e+00
 2.17781743e+01 1.54840213e+00 -7.27810755e+00 2.78052436e+00
 2.18724892e+01 1.55071222e-01 -5.51831116e+00 2.38831493e+00
 2.19803497e+01 8.33489930e-01 -5.04614317e+00 2.13212391e+00
 2.17723449e+01 -1.94006652e+00 -5.75491232e+00 2.22299556e+00
 2.20106777e+01 2.34902500e-01 -6.26517847e+00 1.91010601e+00
 2.21890986e+01 3.01677712e-01 -5.97955978e+00 1.90864445e+00
 2.20666774e+01 5.44950236e-01 -6.34746878e+00 2.22666303e+00
 2.20353983e+01 -1.91177633e-01 -6.30818509e+00 2.35039290e+00
 2.18820102e+01 -1.34408030e+00 -6.04954998e+00 1.78544111e+00
 2.20014081e+01 -3.75413065e-01 -5.52579603e+00 2.42616249e+00
 2.18870073e+01 2.07039777e-01 -6.14993150e+00 2.41760340e+00
 2.16895041e+01 9.87683949e-01 -6.18267717e+00 1.81312699e+00
 2.21017087e+01 -1.39021132e+00 -5.81292155e+00 2.10287029e+00
 2.18330396e+01 -7.10467813e-01 -6.30301918e+00 2.16824621e+00
 2.13745670e+01 -1.02794593e-01 -5.04214968e+00 2.03860601e+00
 2.24542807e+01 -1.12875810e+00 -6.17273701e+00 2.27704204e+00
 2.18108200e+01 -6.08844630e-01 -5.25582893e+00 3.01150800e+00
 2.23148395e+01 -2.74278576e-01 -5.65234055e+00 2.27201468e+00
 2.20515810e+01 1.10269125e+00 -6.11268385e+00 2.69507329e+00
 2.22678907e+01 6.25336932e-01 -5.43022419e+00 2.33654003e+00
 2.20376288e+01 9.56317518e-01 -5.70724844e+00 2.07197643e+00
 2.21327270e+01 2.26741015e+00 -6.73246359e+00 2.13668880e+00
 2.20867113e+01 -1.76330017e-01 -6.09092419e+00 2.47912868e+00
 2.23028488e+01 -1.16103635e-01 -6.34917839e+00 1.55611361e+00
 2.21600303e+01 2.96665523e-02 -7.22962240e+00 2.42673848e+00
 2.21758700e+01 -7.69112567e-01 -7.28099574e+00 2.39030832e+00
 2.18089229e+01 -3.54880999e-01 -6.93030309e+00 2.34188700e+00
 2.22164703e+01 2.83198724e-01 -6.28927417e+00 2.32210742e+00
 2.24747390e+01 4.74380209e-01 -5.56809281e+00 1.88007329e+00
 2.22061371e+01 9.33102619e-01 -5.89484116e+00 2.18427091e+00
 2.21625604e+01 7.62092359e-01 -5.51597232e+00 2.21840769e+00
 2.23317218e+01 6.75406496e-01 -5.55349195e+00 1.76026290e+00
 2.21934844e+01 -7.93246524e-01 -5.68842504e+00 2.80971896e+00
 2.20026209e+01 1.67088218e-02 -5.89080719e+00 1.73733202e+00
 2.24379078e+01 1.80053671e+00 -7.47376057e+00 1.85772727e+00
 2.23606477e+01 -4.86326383e-01 -6.13452995e+00 2.07669484e+00
 2.25992200e+01 1.14893768e+00 -6.41624498e+00 2.41992600e+00
 2.21818249e+01 7.37055958e-01 -6.21986145e+00 1.92132489e+00
 2.23022207e+01 1.39154154e+00 -6.55942263e+00 2.05183490e+00
 2.21542689e+01 1.97318952e+00 -6.30513009e+00 1.55590413e+00
 2.23157082e+01 1.19781875e+00 -6.10958675e+00 2.56709976e+00
 2.22550598e+01 2.17067976e+00 -5.11099743e+00 2.09920881e+00
 2.23196839e+01 8.70295631e-01 -5.99383424e+00 2.25727203e+00
 2.25642196e+01 8.84392527e-01 -6.37824335e+00 2.15709712e+00
 2.25610572e+01 2.98759806e-01 -4.94148373e+00 1.97852258e+00
 2.23260877e+01 1.44974703e+00 -6.55453084e+00 2.25388691e+00
 2.25124460e+01 -1.26975201e+00 -6.00907368e+00 1.72966883e+00
 2.24205242e+01 -4.30154944e-01 -6.83478163e+00 2.51565474e+00
 2.22043948e+01 1.84601343e-01 -6.65677146e+00 2.14527998e+00
 2.26416764e+01 5.00784318e-01 -6.43176764e+00 2.26311790e+00
 2.28075204e+01 -3.24901111e-01 -5.94181710e+00 2.32948429e+00
 2.23839143e+01 -1.84735366e+00 -6.06292849e+00 2.08634956e+00
 2.23006841e+01 1.51758447e+00 -6.48214447e+00 1.95402655e+00
 2.24474854e+01 -4.50123976e-01 -5.95159608e+00 2.58571970e+00
 2.24506883e+01 2.35097640e+00 -6.38782163e+00 2.10804532e+00
 2.21015095e+01 -1.09030811e+00 -6.74397984e+00 2.66409025e+00
 2.25984344e+01 1.42582506e-01 -5.98203834e+00 2.30367569e+00
 2.22732003e+01 -9.11296457e-01 -5.43919897e+00 2.04091947e+00
 2.27795254e+01 1.42712762e-01 -6.84767182e+00 2.04608038e+00
 2.24623352e+01 8.65699345e-01 -6.61927223e+00 2.64897860e+00
 2.26127690e+01 1.92152068e-01 -5.93197936e+00 2.18499461e+00
 2.24327259e+01 8.81388418e-01 -6.85649581e+00 2.25949581e+00
 2.26458171e+01 -2.35638792e-01 -5.55885392e+00 2.62323849e+00
 2.22842795e+01 -6.78146274e-01 -5.79520551e+00 2.03408861e+00
 2.21379018e+01 -1.13188759e+00 -5.64617192e+00 2.24334393e+00
 2.27699242e+01 -2.93309332e-02 -6.47161068e+00 2.31131293e+00
 2.25455211e+01 -1.08877813e+00 -5.80697791e+00 2.84610806e+00
 2.22025387e+01 -8.95954433e-01 -6.26041772e+00 2.08278684e+00
 2.24694768e+01 -1.04672030e+00 -5.58773990e+00 1.99300360e+00
 2.20257189e+01 2.72445659e-01 -5.63017216e+00 2.17319074e+00
 2.20244455e+01 1.31686573e+00 -6.82973431e+00 2.44833591e+00
 2.26186738e+01 -8.96136363e-01 -5.10965719e+00 2.26546427e+00
 2.26368719e+01 -6.87862690e-01 -5.98070398e+00 2.08378232e+00
 2.28810866e+01 -2.84266166e+00 -6.35587882e+00 1.97437692e+00
 2.25928278e+01 -5.61741148e-01 -6.19838580e+00 2.15010697e+00
 2.26322945e+01 -5.39773571e-01 -5.89062774e+00 2.05401145e+00
 2.22502085e+01 -2.14685713e+00 -6.33952434e+00 1.98124895e+00
 2.26201652e+01 -9.94264134e-01 -5.96463252e+00 2.29025827e+00
 2.23582564e+01 -4.56778116e-03 -6.03303898e+00 2.10192840e+00
 2.20204593e+01 -4.59072548e-01 -5.94706157e+00 2.13445493e+00
 2.27094191e+01 -5.73161290e-01 -5.35499160e+00 1.98623539e+00
 2.23284250e+01 5.71221051e-02 -5.57581111e+00 1.61478039e+00
 2.25926612e+01 -9.74640756e-01 -5.82017986e+00 1.93190361e+00
 2.27111548e+01 -4.89765810e-01 -6.44324240e+00 2.05841112e+00
 2.21893810e+01 -6.11353728e-01 -5.69558000e+00 1.80277458e+00
 2.21478563e+01 -3.15240569e-01 -5.33657515e+00 2.10665660e+00
 2.24801967e+01 -6.69430250e-02 -6.76344974e+00 1.34978680e+00
 2.23537274e+01 -2.98698775e-01 -6.05355616e+00 2.19485246e+00
 2.23482196e+01 -5.64580364e-01 -5.93965696e+00 2.54070300e+00
 2.24049776e+01 7.71715862e-01 -5.87813264e+00 2.16653110e+00
 2.21166348e+01 -1.71638492e+00 -6.24929208e+00 1.97575759e+00
 2.20236560e+01 -5.75621082e-01 -6.46528742e+00 2.63298371e+00
 2.22235404e+01 -1.55819738e+00 -5.77804326e+00 2.17008744e+00
 2.25564439e+01 8.35306215e-01 -6.05244027e+00 2.14959048e+00
